1.00106
1.00106
1.00106
1.00106
1.00106
1.00106
1.00106
1.00106
1.00106
2.00105
4.0014
5.00008
5.0009
5.00104
4.00308
2.00156
1.00106
1.00106
1.00106
1.00106
1.00106
1.00106
1.00106
1.00106
1.00106
1.00106
1.00106
1.00106
1.00106
1.00106
1.00106
1.00106
2.00105
4.0014
6.99935
8.99985
8.99942
8.00093
6.00338
3.00288
1.00106
1.00106
1.00106
1.00106
1.00106
1.00106
1.00106
1.00106
1.00106
1.00106
1.00106
1.00106
1.00106
1.00106
1.18537
2.18551
4.18561
7.1837
11.1842
13.1443
12.1454
10.1449
7.14605
3.14797
1.00106
1.00106
1.00106
1.00106
1.00106
1.00106
1.00106
1.00106
1.00106
1.00106
1.00106
1.00106
1.00106
2.00105
3.18606
5.18491
8.18377
12.1846
16.1837
17.1447
15.1449
12.1448
8.14474
3.14541
1.00106
1.00106
1.00106
1.00106
1.00106
1.00106
1.00106
1.00106
1.00106
1.00106
1.00106
1.00106
1.11479
3.11445
5.29818
8.11657
11.5916
16.4785
19.4778
19.4373
16.6165
13.145
8.14571
3.14481
1.00106
1.00106
1.00106
1.00106
1.00106
1.00106
1.00106
1.00106
1.00106
1.00106
1.00106
1.00106
1.11474
3.71392
5.98838
8.80633
13.2805
18.1687
20.2323
19.1019
16.2828
11.8113
6.8135
2.14592
1.00106
1.00106
1.00106
1.00106
1.00106
1.00106
1.00106
1.00106
1.00106
1.00106
1.00106
1.00106
1.11475
3.71454
5.98891
8.80824
13.2795
18.1648
19.2306
17.1012
14.2849
9.81147
4.81275
1.14615
1.00106
1.00106
1.00106
1.00106
1.00106
1.00106
1.00106
1.00106
1.00106
1.00106
1.00106
1.00106
1.11482
3.71458
5.80413
8.31705
12.7899
17.6749
17.7407
15.6513
13.1415
8.66682
3.6666
1.00106
1.00106
1.00106
1.00106
1.00106
1.00106
1.00106
1.00106
1.00106
1.00106
1.00106
1.00106
1.00106
1.11475
2.71453
3.80349
6.31691
10.7906
14.8566
14.9234
13.8332
11.3213
6.84784
2.66677
1.00106
1.00106
1.00106
1.00106
1.00106
1.00106
1.00106
1.00106
1.00106
1.00106
1.00106
1.00106
1.00106
1.00106
1.60089
1.69052
4.38436
9.38468
12.5627
12.6291
12.5409
9.84661
4.84751
1.6677
1.00106
1.00106
1.00106
1.00106
1.00106
1.00106
1.00106
1.00106
1.00106
1.00106
1.00106
1.00106
1.00106
1.00106
1.00106
1.61282
5.30686
10.306
12.4849
12.4831
11.8749
8.18097
3.18012
1.00106
1.00106
1.00106
1.00106
1.00106
1.00106
1.00106
1.00106
1.00106
1.00106
1.00106
1.00106
1.00106
1.00106
1.00106
1.00106
2.61256
7.30634
12.3046
13.4846
13.4837
11.8741
7.18224
2.18116
1.00106
1.00106
1.00106
1.00106
1.00106
1.00106
1.00106
1.00106
1.00106
1.00106
1.00106
1.00106
1.00106
1.00106
1.00106
1.00106
3.61221
8.61201
12.6095
12.7892
12.792
10.18
5.18182
1.18145
1.00106
1.00106
1.00106
1.00106
1.00106
1.00106
1.00106
1.00106
1.00106
1.00106
1.00106
1.00106
1.00106
1.00106
1.00106
2.00105
5.61301
10.6116
13.6102
13.6093
12.6274
9.01556
4.01576
1.01675
1.01676
1.00106
1.00106
1.00106
1.00106
1.00106
1.00106
1.00106
1.00106
1.00106
1.00106
2.00105
3.00182
4.00122
5.00143
7.00151
10.6119
14.6111
16.6108
16.6105
15.6277
12.0168
8.0162
5.01762
4.01688
3.00177
2.00156
1.00106
1.00106
1.00106
1.00106
1.00106
1.00106
1.00106
1.00106
3.00064
5.00026
6.99912
8.9992
12.0007
15.0012
17.9993
18.9986
18.9976
18.0132
15.0159
12.0167
9.01712
7.01751
5.00296
3.00288
1.00106
1.00106
1.00106
1.00106
1.00106
1.00106
1.00106
1.00106
3.00032
4.9997
6.99845
8.99743
11.9994
13.9992
15.9985
15.9968
15.9968
15.0123
13.0135
11.0149
9.01558
7.0162
5.00179
3.0028
1.00106
1.00106
1.00106
1.00106
1.00106
1.00106
1.00106
1.00106
3.00101
5.00153
7.00137
8.99913
11.9979
12.9967
13.9963
13.9968
13.9979
13.014
12.0138
11.0139
9.01394
7.01341
4.99789
3.00012
1.00106
1.00106
1.00106
1.00106
1.00106
1.00106
1.00106
1.00106
3.00104
4.99987
6.99998
8.99883
10.9974
10.9974
10.9974
10.9974
10.9974
10.9974
10.9974
10.9974
8.99744
6.99862
4.9985
2.99965
1.00106
1.00106
1.00106
1.00106
1.00106
1.00106
1.00106
1.00106
2.00078
2.99959
3.99916
4.99936
5.99931
5.99931
5.99931
5.99931
5.99931
5.99931
5.99931
5.99931
4.9996
4.00078
3.00122
2.00102
1.00106
1.00106
1.00106
1.00106
1.00106
1.00106
1.00106
1.00106
1.00106
1.00106
1.00106
1.00106
1.00106
1.00106
1.00106
1.00106
1.00106
1.00106
1.00106
1.00106
1.00106
1.00106
1.00106
1.00106
1.00106
1.00106
1.00106
1.00106
1.00106
1.00106
1.00106
1.00106
1.00106
1.00106
1.00106
1.00106
1.00106
1.00106
1.00106
1.00106
1.00106
1.00106
1.00106
1.00106
1.00106
1.00106
1.00106
1.00106
1.00106
1.00106
1.00106
1.00106
1.00106
1.00106
1.00106
1.00106
1.00106
1.00106
1.00106
1.00106
1.00106
1.00106
1.00106
1.00106
1.00106
1.00106
1.00106
1.00106
1.00106
1.00106
1.00106
1.00106
1.00106
1.00106
1.00106
1.00106
1.00106
1.00106
1.00106
1.00106
1.00106
1.00106
1.00106
1.00106
1.00106
1.00106
1.00106
1.00106
1.00106
1.00106
1.00106
1.00106
1.00106
1.00106
1.00106
1.00106
1.00106
1.00106
1.00106
1.00106
1.00106
1.00106
1.00106
1.00058
1.00058
1.00058
1.00058
1.00058
1.00058
1.00058
1.00058
1.00058
1.99975
3.99977
4.99705
4.99836
5.00057
4.00097
2.0013
1.00058
1.00058
1.00058
1.00058
1.00058
1.00058
1.00058
1.00058
1.00058
1.00058
1.00058
1.00058
1.00058
1.00058
1.00058
1.00058
1.99975
3.99977
6.99832
8.99738
8.9975
7.99945
6.00056
3.00119
1.00058
1.00058
1.00058
1.00058
1.00058
1.00058
1.00058
1.00058
1.00058
1.00058
1.00058
1.00058
1.00058
1.00058
1.18474
2.18394
4.18391
7.18259
11.1832
13.1433
12.1425
10.1426
7.1456
3.14486
1.00058
1.00058
1.00058
1.00058
1.00058
1.00058
1.00058
1.00058
1.00058
1.00058
1.00058
1.00058
1.00058
1.99975
3.18353
5.18296
8.18233
12.1839
16.1837
17.1419
15.1413
12.1425
8.14491
3.14519
1.00058
1.00058
1.00058
1.00058
1.00058
1.00058
1.00058
1.00058
1.00058
1.00058
1.00058
1.00058
1.11422
3.11408
5.29668
8.11572
11.5918
16.4782
19.4766
19.4351
16.6143
13.1444
8.1447
3.14665
1.00058
1.00058
1.00058
1.00058
1.00058
1.00058
1.00058
1.00058
1.00058
1.00058
1.00058
1.00058
1.11439
3.71495
5.98889
8.80757
13.2819
18.1669
20.2316
19.1
16.283
11.8115
6.81216
2.14647
1.00058
1.00058
1.00058
1.00058
1.00058
1.00058
1.00058
1.00058
1.00058
1.00058
1.00058
1.00058
1.11438
3.71613
5.98925
8.80875
13.2812
18.1656
19.2317
17.1012
14.2849
9.81119
4.81245
1.14579
1.00058
1.00058
1.00058
1.00058
1.00058
1.00058
1.00058
1.00058
1.00058
1.00058
1.00058
1.00058
1.1144
3.71654
5.80519
8.31752
12.7909
17.6772
17.7424
15.6521
13.1398
8.66596
3.66779
1.00058
1.00058
1.00058
1.00058
1.00058
1.00058
1.00058
1.00058
1.00058
1.00058
1.00058
1.00058
1.00058
1.11444
2.71587
3.80461
6.3182
10.7916
14.8592
14.9234
13.8328
11.3209
6.84653
2.66822
1.00058
1.00058
1.00058
1.00058
1.00058
1.00058
1.00058
1.00058
1.00058
1.00058
1.00058
1.00058
1.00058
1.00058
1.60128
1.69045
4.38533
9.38535
12.5635
12.6292
12.5384
9.8465
4.84745
1.66774
1.00058
1.00058
1.00058
1.00058
1.00058
1.00058
1.00058
1.00058
1.00058
1.00058
1.00058
1.00058
1.00058
1.00058
1.00058
1.61184
5.30705
10.3063
12.4834
12.4826
11.8729
8.17997
3.18191
1.00058
1.00058
1.00058
1.00058
1.00058
1.00058
1.00058
1.00058
1.00058
1.00058
1.00058
1.00058
1.00058
1.00058
1.00058
1.00058
2.61193
7.30715
12.3049
13.4831
13.4826
11.8739
7.18099
2.18178
1.00058
1.00058
1.00058
1.00058
1.00058
1.00058
1.00058
1.00058
1.00058
1.00058
1.00058
1.00058
1.00058
1.00058
1.00058
1.00058
3.61256
8.61313
12.6108
12.7884
12.7894
10.18
5.18102
1.18111
1.00058
1.00058
1.00058
1.00058
1.00058
1.00058
1.00058
1.00058
1.00058
1.00058
1.00058
1.00058
1.00058
1.00058
1.00058
1.99975
5.61261
10.6119
13.6094
13.6088
12.6251
9.01477
4.01652
1.01627
1.01628
1.00058
1.00058
1.00058
1.00058
1.00058
1.00058
1.00058
1.00058
1.00058
1.00058
1.99975
2.99909
3.99818
4.99796
6.99935
10.6121
14.6112
16.6092
16.606
15.6242
12.0127
8.01543
5.01519
4.01585
3.00107
2.0013
1.00058
1.00058
1.00058
1.00058
1.00058
1.00058
1.00058
1.00058
3.00043
4.99863
6.9973
8.99748
11.9987
15.0009
17.9986
18.9968
18.9935
18.0121
15.0134
12.0145
9.01392
7.01571
5.00137
3.00119
1.00058
1.00058
1.00058
1.00058
1.00058
1.00058
1.00058
1.00058
3.00186
5.00103
6.99976
8.99958
11.9994
13.9999
15.9989
15.9962
15.9974
15.0137
13.0154
11.0143
9.01305
7.0139
4.99948
2.99966
1.00058
1.00058
1.00058
1.00058
1.00058
1.00058
1.00058
1.00058
3.00197
5.00151
7.0004
8.9987
11.9994
12.9987
13.9991
13.9972
13.9987
13.014
12.0146
11.0139
9.01252
7.013
4.99841
3.00011
1.00058
1.00058
1.00058
1.00058
1.00058
1.00058
1.00058
1.00058
3.00254
5.00106
7.00119
8.99942
11.0005
11.0005
11.0005
11.0005
11.0005
11.0005
11.0005
11.0005
8.99855
7.00003
4.99989
3.00167
1.00058
1.00058
1.00058
1.00058
1.00058
1.00058
1.00058
1.00058
2.00175
3.00103
4.00143
5.00077
6.00151
6.00151
6.00151
6.00151
6.00151
6.00151
6.00151
6.00151
5.00034
4.00107
3.00066
2.00132
1.00058
1.00058
1.00058
1.00058
1.00058
1.00058
1.00058
1.00058
1.00058
1.00058
1.00058
1.00058
1.00058
1.00058
1.00058
1.00058
1.00058
1.00058
1.00058
1.00058
1.00058
1.00058
1.00058
1.00058
1.00058
1.00058
1.00058
1.00058
1.00058
1.00058
1.00058
1.00058
1.00058
1.00058
1.00058
1.00058
1.00058
1.00058
1.00058
1.00058
1.00058
1.00058
1.00058
1.00058
1.00058
1.00058
1.00058
1.00058
1.00058
1.00058
1.00058
1.00058
1.00058
1.00058
1.00058
1.00058
1.00058
1.00058
1.00058
1.00058
1.00058
1.00058
1.00058
1.00058
1.00058
1.00058
1.00058
1.00058
1.00058
1.00058
1.00058
1.00058
1.00058
1.00058
1.00058
1.00058
1.00058
1.00058
1.00058
1.00058
1.00058
1.00058
1.00058
1.00058
1.00058
1.00058
1.00058
1.00058
1.00058
1.00058
1.00058
1.00058
1.00058
1.00058
1.00058
1.00058
1.00058
1.00058
1.00058
1.00058
1.00058
1.00058
1.00058
1.00044
1.00044
1.00044
1.00044
1.00044
1.00044
1.00044
1.00044
1.00044
1.99972
3.99914
4.99966
5.00059
4.99967
4.00065
2
1.00044
1.00044
1.00044
1.00044
1.00044
1.00044
1.00044
1.00044
1.00044
1.00044
1.00044
1.00044
1.00044
1.00044
1.00044
1.00044
1.99972
3.99914
6.99906
8.99938
8.99772
7.99958
5.99992
3.00053
1.00044
1.00044
1.00044
1.00044
1.00044
1.00044
1.00044
1.00044
1.00044
1.00044
1.00044
1.00044
1.00044
1.00044
1.18462
2.18389
4.18358
7.1834
11.1834
13.1419
12.1413
10.1421
7.143
3.14643
1.00044
1.00044
1.00044
1.00044
1.00044
1.00044
1.00044
1.00044
1.00044
1.00044
1.00044
1.00044
1.00044
1.99972
3.18328
5.18416
8.18352
12.1829
16.1814
17.1424
15.1419
12.1397
8.142
3.14487
1.00044
1.00044
1.00044
1.00044
1.00044
1.00044
1.00044
1.00044
1.00044
1.00044
1.00044
1.00044
1.11409
3.11357
5.29715
8.11685
11.5904
16.4761
19.475
19.4373
16.6177
13.1405
8.14302
3.14351
1.00044
1.00044
1.00044
1.00044
1.00044
1.00044
1.00044
1.00044
1.00044
1.00044
1.00044
1.00044
1.11419
3.71314
5.98696
8.8067
13.2788
18.1651
20.2326
19.1037
16.2823
11.8084
6.81083
2.14445
1.00044
1.00044
1.00044
1.00044
1.00044
1.00044
1.00044
1.00044
1.00044
1.00044
1.00044
1.00044
1.11408
3.71404
5.98821
8.80588
13.2791
18.1653
19.2335
17.1024
14.2806
9.80837
4.81092
1.14541
1.00044
1.00044
1.00044
1.00044
1.00044
1.00044
1.00044
1.00044
1.00044
1.00044
1.00044
1.00044
1.11424
3.71451
5.80637
8.31851
12.7908
17.6758
17.743
15.6514
13.1365
8.6642
3.6653
1.00044
1.00044
1.00044
1.00044
1.00044
1.00044
1.00044
1.00044
1.00044
1.00044
1.00044
1.00044
1.00044
1.11418
2.71484
3.80629
6.3189
10.7923
14.8587
14.9246
13.8322
11.318
6.8458
2.66541
1.00044
1.00044
1.00044
1.00044
1.00044
1.00044
1.00044
1.00044
1.00044
1.00044
1.00044
1.00044
1.00044
1.00044
1.60052
1.69147
4.38415
9.38311
12.5649
12.6303
12.5384
9.84452
4.84607
1.6665
1.00044
1.00044
1.00044
1.00044
1.00044
1.00044
1.00044
1.00044
1.00044
1.00044
1.00044
1.00044
1.00044
1.00044
1.00044
1.61177
5.30496
10.3051
12.4865
12.4846
11.8712
8.17828
3.17882
1.00044
1.00044
1.00044
1.00044
1.00044
1.00044
1.00044
1.00044
1.00044
1.00044
1.00044
1.00044
1.00044
1.00044
1.00044
1.00044
2.61162
7.30497
12.3065
13.4854
13.4842
11.8714
7.17928
2.17971
1.00044
1.00044
1.00044
1.00044
1.00044
1.00044
1.00044
1.00044
1.00044
1.00044
1.00044
1.00044
1.00044
1.00044
1.00044
1.00044
3.6112
8.61044
12.6128
12.7912
12.7887
10.1766
5.17973
1.18067
1.00044
1.00044
1.00044
1.00044
1.00044
1.00044
1.00044
1.00044
1.00044
1.00044
1.00044
1.00044
1.00044
1.00044
1.00044
1.99972
5.61048
10.6112
13.6114
13.6094
12.6231
9.01295
4.01447
1.01613
1.01612
1.00044
1.00044
1.00044
1.00044
1.00044
1.00044
1.00044
1.00044
1.00044
1.00044
1.99972
2.99892
3.99962
4.99974
6.99951
10.6112
14.612
16.6098
16.6088
15.6226
12.013
8.01289
5.01569
4.01651
3.00012
2
1.00044
1.00044
1.00044
1.00044
1.00044
1.00044
1.00044
1.00044
2.99994
4.99918
7.00001
8.99898
11.9983
14.9983
17.9988
18.9976
18.9973
18.0121
15.0133
12.0138
9.01525
7.01602
4.9995
3.00053
1.00044
1.00044
1.00044
1.00044
1.00044
1.00044
1.00044
1.00044
2.99984
4.99914
6.99794
8.99605
11.9976
13.9983
15.9984
15.9972
15.9944
15.0098
13.0106
11.0127
9.01327
7.01397
4.9995
3.00139
1.00044
1.00044
1.00044
1.00044
1.00044
1.00044
1.00044
1.00044
3.00027
5.00006
6.99751
8.99572
11.9951
12.9964
13.997
13.9971
13.9948
13.01
12.0098
11.0107
9.01083
7.01102
4.9979
2.99969
1.00044
1.00044
1.00044
1.00044
1.00044
1.00044
1.00044
1.00044
3.00121
5.00311
7.00247
9.00163
10.9995
10.9995
10.9995
10.9995
10.9995
10.9995
10.9995
10.9995
8.99877
6.99688
4.99752
2.99835
1.00044
1.00044
1.00044
1.00044
1.00044
1.00044
1.00044
1.00044
2.00057
3.00193
4.0025
5.00272
6.0018
6.0018
6.0018
6.0018
6.0018
6.0018
6.0018
6.0018
5.00168
4.00032
2.99974
1.99953
1.00044
1.00044
1.00044
1.00044
1.00044
1.00044
1.00044
1.00044
1.00044
1.00044
1.00044
1.00044
1.00044
1.00044
1.00044
1.00044
1.00044
1.00044
1.00044
1.00044
1.00044
1.00044
1.00044
1.00044
1.00044
1.00044
1.00044
1.00044
1.00044
1.00044
1.00044
1.00044
1.00044
1.00044
1.00044
1.00044
1.00044
1.00044
1.00044
1.00044
1.00044
1.00044
1.00044
1.00044
1.00044
1.00044
1.00044
1.00044
1.00044
1.00044
1.00044
1.00044
1.00044
1.00044
1.00044
1.00044
1.00044
1.00044
1.00044
1.00044
1.00044
1.00044
1.00044
1.00044
1.00044
1.00044
1.00044
1.00044
1.00044
1.00044
1.00044
1.00044
1.00044
1.00044
1.00044
1.00044
1.00044
1.00044
1.00044
1.00044
1.00044
1.00044
1.00044
1.00044
1.00044
1.00044
1.00044
1.00044
1.00044
1.00044
1.00044
1.00044
1.00044
1.00044
1.00044
1.00044
1.00044
1.00044
1.00044
1.00044
1.00044
1.00044
1.00044
1.00022
1.00022
1.00022
1.00022
1.00022
1.00022
1.00022
1.00022
1.00022
2.00135
4.0029
5.00382
5.00268
5.00237
4.0013
2.00028
1.00022
1.00022
1.00022
1.00022
1.00022
1.00022
1.00022
1.00022
1.00022
1.00022
1.00022
1.00022
1.00022
1.00022
1.00022
1.00022
2.00135
4.0029
7.00395
9.00538
9.00358
8.00279
6.00074
3.00096
1.00022
1.00022
1.00022
1.00022
1.00022
1.00022
1.00022
1.00022
1.00022
1.00022
1.00022
1.00022
1.00022
1.00022
1.18474
2.18586
4.18742
7.18833
11.1899
13.1504
12.1494
10.1451
7.14433
3.14481
1.00022
1.00022
1.00022
1.00022
1.00022
1.00022
1.00022
1.00022
1.00022
1.00022
1.00022
1.00022
1.00022
2.00135
3.18681
5.18839
8.18859
12.1901
16.1914
17.1512
15.1481
12.1436
8.14161
3.1432
1.00022
1.00022
1.00022
1.00022
1.00022
1.00022
1.00022
1.00022
1.00022
1.00022
1.00022
1.00022
1.11407
3.11569
5.30129
8.12152
11.5976
16.4853
19.4853
19.444
16.6203
13.1425
8.14105
3.1426
1.00022
1.00022
1.00022
1.00022
1.00022
1.00022
1.00022
1.00022
1.00022
1.00022
1.00022
1.00022
1.114
3.71479
5.9905
8.81055
13.2866
18.1735
20.2405
19.1079
16.284
11.8087
6.80823
2.14364
1.00022
1.00022
1.00022
1.00022
1.00022
1.00022
1.00022
1.00022
1.00022
1.00022
1.00022
1.00022
1.1139
3.71452
5.99034
8.81009
13.2858
18.1711
19.2368
17.1055
14.2842
9.80801
4.8086
1.14509
1.00022
1.00022
1.00022
1.00022
1.00022
1.00022
1.00022
1.00022
1.00022
1.00022
1.00022
1.00022
1.11401
3.71444
5.80596
8.32046
12.7944
17.6798
17.7464
15.6555
13.139
8.66252
3.66354
1.00022
1.00022
1.00022
1.00022
1.00022
1.00022
1.00022
1.00022
1.00022
1.00022
1.00022
1.00022
1.00022
1.11395
2.71436
3.80473
6.3199
10.7947
14.8613
14.9282
13.8358
11.3194
6.84319
2.66468
1.00022
1.00022
1.00022
1.00022
1.00022
1.00022
1.00022
1.00022
1.00022
1.00022
1.00022
1.00022
1.00022
1.00022
1.60027
1.69043
4.38608
9.38796
12.5681
12.6355
12.5414
9.84315
4.84323
1.66586
1.00022
1.00022
1.00022
1.00022
1.00022
1.00022
1.00022
1.00022
1.00022
1.00022
1.00022
1.00022
1.00022
1.00022
1.00022
1.61267
5.3084
10.3113
12.4913
12.4893
11.8737
8.17634
3.17785
1.00022
1.00022
1.00022
1.00022
1.00022
1.00022
1.00022
1.00022
1.00022
1.00022
1.00022
1.00022
1.00022
1.00022
1.00022
1.00022
2.61341
7.30921
12.3119
13.4917
13.4884
11.8721
7.17686
2.1789
1.00022
1.00022
1.00022
1.00022
1.00022
1.00022
1.00022
1.00022
1.00022
1.00022
1.00022
1.00022
1.00022
1.00022
1.00022
1.00022
3.61339
8.61571
12.6166
12.7966
12.7924
10.1769
5.17743
1.18033
1.00022
1.00022
1.00022
1.00022
1.00022
1.00022
1.00022
1.00022
1.00022
1.00022
1.00022
1.00022
1.00022
1.00022
1.00022
2.00135
5.61464
10.6175
13.6166
13.6155
12.6267
9.01149
4.01218
1.01591
1.01591
1.00022
1.00022
1.00022
1.00022
1.00022
1.00022
1.00022
1.00022
1.00022
1.00022
2.00135
3.00241
4.00353
5.00387
7.00443
10.6167
14.6182
16.6191
16.617
15.6287
12.0153
8.01707
5.0185
4.01744
3.00063
2.00028
1.00022
1.00022
1.00022
1.00022
1.00022
1.00022
1.00022
1.00022
3.00184
5.00319
7.00425
9.00522
12.0056
15.007
18.0076
19.0079
19.0039
18.0168
15.0173
12.0201
9.02003
7.01866
5.00193
3.00096
1.00022
1.00022
1.00022
1.00022
1.00022
1.00022
1.00022
1.00022
3.00035
5.00143
7.00128
9.00171
12.0017
14.0025
16.0029
16.0019
15.9996
15.0131
13.0143
11.0169
9.01673
7.01565
5.00013
2.9997
1.00022
1.00022
1.00022
1.00022
1.00022
1.00022
1.00022
1.00022
3.00041
5.00188
7.00213
9.00134
11.9992
12.9992
13.9995
13.9988
13.9972
13.0126
12.0133
11.0148
9.01462
7.01313
4.99721
2.99801
1.00022
1.00022
1.00022
1.00022
1.00022
1.00022
1.00022
1.00022
3.00085
5.00156
7.00218
9.00095
10.9984
10.9984
10.9984
10.9984
10.9984
10.9984
10.9984
10.9984
8.99777
6.99707
4.99644
2.99767
1.00022
1.00022
1.00022
1.00022
1.00022
1.00022
1.00022
1.00022
2.0003
3.00032
4.0006
4.99996
5.99843
5.99843
5.99843
5.99843
5.99843
5.99843
5.99843
5.99843
4.99835
3.99833
2.99805
1.99869
1.00022
1.00022
1.00022
1.00022
1.00022
1.00022
1.00022
1.00022
1.00022
1.00022
1.00022
1.00022
1.00022
1.00022
1.00022
1.00022
1.00022
1.00022
1.00022
1.00022
1.00022
1.00022
1.00022
1.00022
1.00022
1.00022
1.00022
1.00022
1.00022
1.00022
1.00022
1.00022
1.00022
1.00022
1.00022
1.00022
1.00022
1.00022
1.00022
1.00022
1.00022
1.00022
1.00022
1.00022
1.00022
1.00022
1.00022
1.00022
1.00022
1.00022
1.00022
1.00022
1.00022
1.00022
1.00022
1.00022
1.00022
1.00022
1.00022
1.00022
1.00022
1.00022
1.00022
1.00022
1.00022
1.00022
1.00022
1.00022
1.00022
1.00022
1.00022
1.00022
1.00022
1.00022
1.00022
1.00022
1.00022
1.00022
1.00022
1.00022
1.00022
1.00022
1.00022
1.00022
1.00022
1.00022
1.00022
1.00022
1.00022
1.00022
1.00022
1.00022
1.00022
1.00022
1.00022
1.00022
1.00022
1.00022
1.00022
1.00022
1.00022
1.00022
1.00022
1.00021
1.00021
1.00021
1.00021
1.00021
1.00021
1.00021
1.00021
1.00021
2.00081
4.00089
5.00292
5.0036
5.00729
4.00546
2.00216
1.00021
1.00021
1.00021
1.00021
1.00021
1.00021
1.00021
1.00021
1.00021
1.00021
1.00021
1.00021
1.00021
1.00021
1.00021
1.00021
2.00081
4.00089
7.00252
9.00418
9.00705
8.00843
6.00773
3.00343
1.00021
1.00021
1.00021
1.00021
1.00021
1.00021
1.00021
1.00021
1.00021
1.00021
1.00021
1.00021
1.00021
1.00021
1.18464
2.18516
4.18542
7.18721
11.1878
13.1492
12.1502
10.1499
7.1493
3.14722
1.00021
1.00021
1.00021
1.00021
1.00021
1.00021
1.00021
1.00021
1.00021
1.00021
1.00021
1.00021
1.00021
2.00081
3.18529
5.18653
8.18886
12.1897
16.1889
17.1472
15.1453
12.1458
8.14397
3.14418
1.00021
1.00021
1.00021
1.00021
1.00021
1.00021
1.00021
1.00021
1.00021
1.00021
1.00021
1.00021
1.11401
3.11445
5.29975
8.12016
11.5969
16.4837
19.4805
19.4383
16.6175
13.1444
8.14383
3.14208
1.00021
1.00021
1.00021
1.00021
1.00021
1.00021
1.00021
1.00021
1.00021
1.00021
1.00021
1.00021
1.11393
3.71398
5.98816
8.80643
13.2822
18.1675
20.2314
19.1022
16.2842
11.8125
6.8114
2.14346
1.00021
1.00021
1.00021
1.00021
1.00021
1.00021
1.00021
1.00021
1.00021
1.00021
1.00021
1.00021
1.11391
3.71275
5.98518
8.80145
13.2756
18.1609
19.2271
17.0999
14.2844
9.81155
4.8099
1.14508
1.00021
1.00021
1.00021
1.00021
1.00021
1.00021
1.00021
1.00021
1.00021
1.00021
1.00021
1.00021
1.11385
3.7132
5.80101
8.31189
12.7858
17.671
17.7378
15.6509
13.1407
8.66534
3.66383
1.00021
1.00021
1.00021
1.00021
1.00021
1.00021
1.00021
1.00021
1.00021
1.00021
1.00021
1.00021
1.00021
1.11399
2.71389
3.80306
6.31619
10.7903
14.8544
14.9226
13.8335
11.321
6.84481
2.66415
1.00021
1.00021
1.00021
1.00021
1.00021
1.00021
1.00021
1.00021
1.00021
1.00021
1.00021
1.00021
1.00021
1.00021
1.60047
1.69035
4.3843
9.38481
12.5618
12.6299
12.5425
9.84549
4.8446
1.66581
1.00021
1.00021
1.00021
1.00021
1.00021
1.00021
1.00021
1.00021
1.00021
1.00021
1.00021
1.00021
1.00021
1.00021
1.00021
1.61234
5.30588
10.3056
12.4839
12.4849
11.8759
8.17912
3.17738
1.00021
1.00021
1.00021
1.00021
1.00021
1.00021
1.00021
1.00021
1.00021
1.00021
1.00021
1.00021
1.00021
1.00021
1.00021
1.00021
2.61251
7.30646
12.3053
13.4853
13.4877
11.8763
7.18061
2.17869
1.00021
1.00021
1.00021
1.00021
1.00021
1.00021
1.00021
1.00021
1.00021
1.00021
1.00021
1.00021
1.00021
1.00021
1.00021
1.00021
3.61229
8.61236
12.6099
12.7912
12.7936
10.1808
5.17895
1.18032
1.00021
1.00021
1.00021
1.00021
1.00021
1.00021
1.00021
1.00021
1.00021
1.00021
1.00021
1.00021
1.00021
1.00021
1.00021
2.00081
5.61189
10.6121
13.6102
13.6108
12.628
9.01433
4.01299
1.01593
1.01593
1.00021
1.00021
1.00021
1.00021
1.00021
1.00021
1.00021
1.00021
1.00021
1.00021
2.00081
3.001
4.00219
5.00422
7.00605
10.6178
14.6152
16.6135
16.6128
15.6295
12.0184
8.01856
5.02128
4.02109
3.00419
2.00216
1.00021
1.00021
1.00021
1.00021
1.00021
1.00021
1.00021
1.00021
3.0007
5.00163
7.0028
9.00674
12.0097
15.0087
18.0054
19.0032
19.004
18.02
15.0227
12.024
9.02515
7.02423
5.00737
3.00343
1.00021
1.00021
1.00021
1.00021
1.00021
1.00021
1.00021
1.00021
2.99981
4.9999
6.99874
9.00054
12.0014
13.9999
15.9974
15.9951
15.9956
15.0128
13.0145
11.0178
9.01822
7.01814
5.00364
3.00184
1.00021
1.00021
1.00021
1.00021
1.00021
1.00021
1.00021
1.00021
2.99916
4.99657
6.99311
8.99121
11.9903
12.9902
13.9893
13.989
13.9875
13.004
12.004
11.0056
9.00664
7.0092
4.997
2.9989
1.00021
1.00021
1.00021
1.00021
1.00021
1.00021
1.00021
1.00021
2.99988
4.99777
6.99464
8.99289
10.9896
10.9896
10.9896
10.9896
10.9896
10.9896
10.9896
10.9896
8.98994
6.99205
4.99518
2.99692
1.00021
1.00021
1.00021
1.00021
1.00021
1.00021
1.00021
1.00021
2.00063
3.00047
3.99965
4.99969
5.99808
5.99808
5.99808
5.99808
5.99808
5.99808
5.99808
5.99808
4.99766
3.99782
2.99864
1.9986
1.00021
1.00021
1.00021
1.00021
1.00021
1.00021
1.00021
1.00021
1.00021
1.00021
1.00021
1.00021
1.00021
1.00021
1.00021
1.00021
1.00021
1.00021
1.00021
1.00021
1.00021
1.00021
1.00021
1.00021
1.00021
1.00021
1.00021
1.00021
1.00021
1.00021
1.00021
1.00021
1.00021
1.00021
1.00021
1.00021
1.00021
1.00021
1.00021
1.00021
1.00021
1.00021
1.00021
1.00021
1.00021
1.00021
1.00021
1.00021
1.00021
1.00021
1.00021
1.00021
1.00021
1.00021
1.00021
1.00021
1.00021
1.00021
1.00021
1.00021
1.00021
1.00021
1.00021
1.00021
1.00021
1.00021
1.00021
1.00021
1.00021
1.00021
1.00021
1.00021
1.00021
1.00021
1.00021
1.00021
1.00021
1.00021
1.00021
1.00021
1.00021
1.00021
1.00021
1.00021
1.00021
1.00021
1.00021
1.00021
1.00021
1.00021
1.00021
1.00021
1.00021
1.00021
1.00021
1.00021
1.00021
1.00021
1.00021
1.00021
1.00021
1.00021
1.00021
0.999185
0.999185
0.999185
0.999185
0.999185
0.999185
0.999185
0.999185
0.999185
1.99858
3.99736
4.99726
5.00006
5.00167
4.00159
2.00041
0.999185
0.999185
0.999185
0.999185
0.999185
0.999185
0.999185
0.999185
0.999185
0.999185
0.999185
0.999185
0.999185
0.999185
0.999185
0.999185
1.99858
3.99736
6.99641
8.99803
9.00065
8.0045
6.00336
3.00159
0.999185
0.999185
0.999185
0.999185
0.999185
0.999185
0.999185
0.999185
0.999185
0.999185
0.999185
0.999185
0.999185
0.999185
1.18339
2.18269
4.18184
7.18072
11.1809
13.1441
12.1491
10.1517
7.14957
3.14706
0.999185
0.999185
0.999185
0.999185
0.999185
0.999185
0.999185
0.999185
0.999185
0.999185
0.999185
0.999185
0.999185
1.99858
3.18178
5.18237
8.18091
12.182
16.1813
17.1467
15.1529
12.1532
8.15063
3.1464
0.999185
0.999185
0.999185
0.999185
0.999185
0.999185
0.999185
0.999185
0.999185
0.999185
0.999185
0.999185
1.11284
3.11205
5.29422
8.1152
11.5896
16.4769
19.4783
19.4438
16.6296
13.1536
8.15135
3.1451
0.999185
0.999185
0.999185
0.999185
0.999185
0.999185
0.999185
0.999185
0.999185
0.999185
0.999185
0.999185
1.1129
3.71157
5.98452
8.80558
13.2793
18.1694
20.2373
19.1121
16.2966
11.8196
6.81643
2.14445
0.999185
0.999185
0.999185
0.999185
0.999185
0.999185
0.999185
0.999185
0.999185
0.999185
0.999185
0.999185
1.11283
3.71117
5.98423
8.80573
13.2822
18.1689
19.2383
17.1127
14.295
9.81884
4.81395
1.1443
0.999185
0.999185
0.999185
0.999185
0.999185
0.999185
0.999185
0.999185
0.999185
0.999185
0.999185
0.999185
1.1128
3.71077
5.80158
8.31672
12.7926
17.6786
17.7461
15.6619
13.1495
8.67322
3.66741
0.999185
0.999185
0.999185
0.999185
0.999185
0.999185
0.999185
0.999185
0.999185
0.999185
0.999185
0.999185
0.999185
1.11283
2.71172
3.8028
6.31748
10.7901
14.8567
14.9266
13.8425
11.3297
6.85179
2.66629
0.999185
0.999185
0.999185
0.999185
0.999185
0.999185
0.999185
0.999185
0.999185
0.999185
0.999185
0.999185
0.999185
0.999185
1.59875
1.68978
4.3827
9.37887
12.5616
12.6342
12.5495
9.85427
4.84933
1.66591
0.999185
0.999185
0.999185
0.999185
0.999185
0.999185
0.999185
0.999185
0.999185
0.999185
0.999185
0.999185
0.999185
0.999185
0.999185
1.61058
5.3023
10.2997
12.4841
12.4917
11.8828
8.18666
3.18045
0.999185
0.999185
0.999185
0.999185
0.999185
0.999185
0.999185
0.999185
0.999185
0.999185
0.999185
0.999185
0.999185
0.999185
0.999185
0.999185
2.61026
7.3004
12.3011
13.4859
13.4947
11.8823
7.18551
2.17976
0.999185
0.999185
0.999185
0.999185
0.999185
0.999185
0.999185
0.999185
0.999185
0.999185
0.999185
0.999185
0.999185
0.999185
0.999185
0.999185
3.60978
8.60552
12.6083
12.7943
12.8008
10.1876
5.18302
1.17959
0.999185
0.999185
0.999185
0.999185
0.999185
0.999185
0.999185
0.999185
0.999185
0.999185
0.999185
0.999185
0.999185
0.999185
0.999185
1.99858
5.60784
10.606
13.609
13.6174
12.6358
9.02242
4.01692
1.01487
1.01489
0.999185
0.999185
0.999185
0.999185
0.999185
0.999185
0.999185
0.999185
0.999185
0.999185
1.99858
2.99749
3.9984
4.9984
6.99949
10.608
14.6085
16.6113
16.6183
15.6351
12.021
8.01594
5.01592
4.01702
3.0004
2.00041
0.999185
0.999185
0.999185
0.999185
0.999185
0.999185
0.999185
0.999185
2.99844
4.99621
6.99818
8.99853
12.0002
14.9984
17.9988
19.0024
19.0078
18.0224
15.0199
12.0167
9.01737
7.01962
5.00194
3.00159
0.999185
0.999185
0.999185
0.999185
0.999185
0.999185
0.999185
0.999185
2.99834
4.99705
6.99827
8.9992
12.0009
13.9996
16.0011
16.0046
16.0062
15.0206
13.0181
11.0175
9.01836
7.01964
5.00273
3.00179
0.999185
0.999185
0.999185
0.999185
0.999185
0.999185
0.999185
0.999185
2.99754
4.99681
6.99773
8.99959
12.0008
13.0016
14.0022
14.0042
14.0035
13.0186
12.0173
11.0172
9.01888
7.0196
5.00299
3.00113
0.999185
0.999185
0.999185
0.999185
0.999185
0.999185
0.999185
0.999185
2.99753
4.99772
6.99909
9.00163
11.0022
11.0022
11.0022
11.0022
11.0022
11.0022
11.0022
11.0022
9.0039
7.00371
5.00234
2.9998
0.999185
0.999185
0.999185
0.999185
0.999185
0.999185
0.999185
0.999185
1.99847
2.99925
3.99985
5.00112
6.00121
6.00121
6.00121
6.00121
6.00121
6.00121
6.00121
6.00121
5.00192
4.00114
3.00054
1.99927
0.999185
0.999185
0.999185
0.999185
0.999185
0.999185
0.999185
0.999185
0.999185
0.999185
0.999185
0.999185
0.999185
0.999185
0.999185
0.999185
0.999185
0.999185
0.999185
0.999185
0.999185
0.999185
0.999185
0.999185
0.999185
0.999185
0.999185
0.999185
0.999185
0.999185
0.999185
0.999185
0.999185
0.999185
0.999185
0.999185
0.999185
0.999185
0.999185
0.999185
0.999185
0.999185
0.999185
0.999185
0.999185
0.999185
0.999185
0.999185
0.999185
0.999185
0.999185
0.999185
0.999185
0.999185
0.999185
0.999185
0.999185
0.999185
0.999185
0.999185
0.999185
0.999185
0.999185
0.999185
0.999185
0.999185
0.999185
0.999185
0.999185
0.999185
0.999185
0.999185
0.999185
0.999185
0.999185
0.999185
0.999185
0.999185
0.999185
0.999185
0.999185
0.999185
0.999185
0.999185
0.999185
0.999185
0.999185
0.999185
0.999185
0.999185
0.999185
0.999185
0.999185
0.999185
0.999185
0.999185
0.999185
0.999185
0.999185
0.999185
0.999185
0.999185
0.999185
1.00092
1.00092
1.00092
1.00092
1.00092
1.00092
1.00092
1.00092
1.00092
2.00102
4.00193
5.00124
5.0013
5.00021
4.00078
2.00017
1.00092
1.00092
1.00092
1.00092
1.00092
1.00092
1.00092
1.00092
1.00092
1.00092
1.00092
1.00092
1.00092
1.00092
1.00092
1.00092
2.00102
4.00193
7.00312
9.0018
9.00027
8.00141
6.00008
3.00067
1.00092
1.00092
1.00092
1.00092
1.00092
1.00092
1.00092
1.00092
1.00092
1.00092
1.00092
1.00092
1.00092
1.00092
1.18525
2.18531
4.18635
7.18746
11.1863
13.1468
12.1453
10.1456
7.14562
3.14638
1.00092
1.00092
1.00092
1.00092
1.00092
1.00092
1.00092
1.00092
1.00092
1.00092
1.00092
1.00092
1.00092
2.00102
3.18538
5.18681
8.18751
12.1855
16.1851
17.1452
15.1434
12.1442
8.14503
3.14572
1.00092
1.00092
1.00092
1.00092
1.00092
1.00092
1.00092
1.00092
1.00092
1.00092
1.00092
1.00092
1.11466
3.11579
5.29995
8.1205
11.5936
16.4797
19.4786
19.4359
16.6181
13.1425
8.14442
3.14549
1.00092
1.00092
1.00092
1.00092
1.00092
1.00092
1.00092
1.00092
1.00092
1.00092
1.00092
1.00092
1.11477
3.71656
5.99018
8.80998
13.2835
18.1687
20.2345
19.1036
16.2838
11.81
6.81204
2.14578
1.00092
1.00092
1.00092
1.00092
1.00092
1.00092
1.00092
1.00092
1.00092
1.00092
1.00092
1.00092
1.11474
3.71552
5.98891
8.80719
13.2817
18.1675
19.2333
17.103
14.284
9.81124
4.81247
1.14599
1.00092
1.00092
1.00092
1.00092
1.00092
1.00092
1.00092
1.00092
1.00092
1.00092
1.00092
1.00092
1.11458
3.71398
5.803
8.31521
12.7911
17.676
17.7425
15.6529
13.1391
8.66645
3.66704
1.00092
1.00092
1.00092
1.00092
1.00092
1.00092
1.00092
1.00092
1.00092
1.00092
1.00092
1.00092
1.00092
1.11457
2.71366
3.80369
6.31679
10.7919
14.8587
14.9232
13.833
11.3193
6.84719
2.66717
1.00092
1.00092
1.00092
1.00092
1.00092
1.00092
1.00092
1.00092
1.00092
1.00092
1.00092
1.00092
1.00092
1.00092
1.60054
1.69086
4.38631
9.38531
12.5651
12.6299
12.5394
9.84632
4.84755
1.66746
1.00092
1.00092
1.00092
1.00092
1.00092
1.00092
1.00092
1.00092
1.00092
1.00092
1.00092
1.00092
1.00092
1.00092
1.00092
1.61275
5.30832
10.3072
12.4853
12.4848
11.8722
8.17975
3.18078
1.00092
1.00092
1.00092
1.00092
1.00092
1.00092
1.00092
1.00092
1.00092
1.00092
1.00092
1.00092
1.00092
1.00092
1.00092
1.00092
2.61343
7.30752
12.307
13.4841
13.4846
11.8728
7.18038
2.18106
1.00092
1.00092
1.00092
1.00092
1.00092
1.00092
1.00092
1.00092
1.00092
1.00092
1.00092
1.00092
1.00092
1.00092
1.00092
1.00092
3.61435
8.61286
12.613
12.7907
12.7904
10.1796
5.18127
1.18128
1.00092
1.00092
1.00092
1.00092
1.00092
1.00092
1.00092
1.00092
1.00092
1.00092
1.00092
1.00092
1.00092
1.00092
1.00092
2.00102
5.61419
10.6133
13.6116
13.6097
12.6257
9.01576
4.01606
1.01661
1.01659
1.00092
1.00092
1.00092
1.00092
1.00092
1.00092
1.00092
1.00092
1.00092
1.00092
2.00102
3.00087
4.00148
5.00159
7.0019
10.6133
14.6122
16.6084
16.6102
15.6254
12.0155
8.01599
5.01641
4.01658
3.00028
2.00017
1.00092
1.00092
1.00092
1.00092
1.00092
1.00092
1.00092
1.00092
3.00208
5.00169
7.00211
9.00154
12.0021
15.0005
18.0008
18.9992
18.9993
18.0154
15.0165
12.0168
9.01583
7.01621
5.00011
3.00067
1.00092
1.00092
1.00092
1.00092
1.00092
1.00092
1.00092
1.00092
3.0028
5.00214
7.00259
9.0028
12.0027
14.0021
16.0006
15.9997
15.9998
15.0175
13.0184
11.0189
9.01706
7.01774
5.0016
3.0014
1.00092
1.00092
1.00092
1.00092
1.00092
1.00092
1.00092
1.00092
3.00121
5.00076
7.00022
9.00014
11.9991
12.9988
13.9978
13.9984
13.9986
13.0153
12.0153
11.0154
9.01516
7.01561
5.00046
3.00055
1.00092
1.00092
1.00092
1.00092
1.00092
1.00092
1.00092
1.00092
2.99976
4.99939
6.99716
8.99624
10.9957
10.9957
10.9957
10.9957
10.9957
10.9957
10.9957
10.9957
8.99687
6.99724
4.99947
3.00039
1.00092
1.00092
1.00092
1.00092
1.00092
1.00092
1.00092
1.00092
2.00029
2.99995
3.9989
4.99895
5.99876
5.99876
5.99876
5.99876
5.99876
5.99876
5.99876
5.99876
4.99939
3.99973
3.00078
2.00073
1.00092
1.00092
1.00092
1.00092
1.00092
1.00092
1.00092
1.00092
1.00092
1.00092
1.00092
1.00092
1.00092
1.00092
1.00092
1.00092
1.00092
1.00092
1.00092
1.00092
1.00092
1.00092
1.00092
1.00092
1.00092
1.00092
1.00092
1.00092
1.00092
1.00092
1.00092
1.00092
1.00092
1.00092
1.00092
1.00092
1.00092
1.00092
1.00092
1.00092
1.00092
1.00092
1.00092
1.00092
1.00092
1.00092
1.00092
1.00092
1.00092
1.00092
1.00092
1.00092
1.00092
1.00092
1.00092
1.00092
1.00092
1.00092
1.00092
1.00092
1.00092
1.00092
1.00092
1.00092
1.00092
1.00092
1.00092
1.00092
1.00092
1.00092
1.00092
1.00092
1.00092
1.00092
1.00092
1.00092
1.00092
1.00092
1.00092
1.00092
1.00092
1.00092
1.00092
1.00092
1.00092
1.00092
1.00092
1.00092
1.00092
1.00092
1.00092
1.00092
1.00092
1.00092
1.00092
1.00092
1.00092
1.00092
1.00092
1.00092
1.00092
1.00092
1.00092
1.00011
1.00011
1.00011
1.00011
1.00011
1.00011
1.00011
1.00011
1.00011
2.00119
4.00022
5.0034
5.00347
5.00325
4.0011
1.99967
1.00011
1.00011
1.00011
1.00011
1.00011
1.00011
1.00011
1.00011
1.00011
1.00011
1.00011
1.00011
1.00011
1.00011
1.00011
1.00011
2.00119
4.00022
7.00179
9.00397
9.00571
8.0078
6.00346
3.00077
1.00011
1.00011
1.00011
1.00011
1.00011
1.00011
1.00011
1.00011
1.00011
1.00011
1.00011
1.00011
1.00011
1.00011
1.18462
2.18547
4.18479
7.18617
11.1879
13.1483
12.1516
10.151
7.15051
3.14674
1.00011
1.00011
1.00011
1.00011
1.00011
1.00011
1.00011
1.00011
1.00011
1.00011
1.00011
1.00011
1.00011
2.00119
3.18515
5.18612
8.18677
12.1879
16.1894
17.1505
15.1485
12.1468
8.14677
3.1465
1.00011
1.00011
1.00011
1.00011
1.00011
1.00011
1.00011
1.00011
1.00011
1.00011
1.00011
1.00011
1.11396
3.11414
5.2993
8.12098
11.5971
16.4845
19.4837
19.4435
16.6223
13.144
8.14332
3.14481
1.00011
1.00011
1.00011
1.00011
1.00011
1.00011
1.00011
1.00011
1.00011
1.00011
1.00011
1.00011
1.11375
3.71299
5.98721
8.80987
13.2882
18.1726
20.2378
19.108
16.2869
11.8117
6.81075
2.14419
1.00011
1.00011
1.00011
1.00011
1.00011
1.00011
1.00011
1.00011
1.00011
1.00011
1.00011
1.00011
1.11374
3.71301
5.98757
8.8068
13.2821
18.1681
19.2341
17.1057
14.286
9.81237
4.81236
1.14505
1.00011
1.00011
1.00011
1.00011
1.00011
1.00011
1.00011
1.00011
1.00011
1.00011
1.00011
1.00011
1.1139
3.71403
5.80354
8.31552
12.787
17.6739
17.7429
15.6548
13.1397
8.66572
3.66663
1.00011
1.00011
1.00011
1.00011
1.00011
1.00011
1.00011
1.00011
1.00011
1.00011
1.00011
1.00011
1.00011
1.11385
2.7143
3.80365
6.31562
10.7885
14.8566
14.9259
13.8354
11.3213
6.84575
2.66609
1.00011
1.00011
1.00011
1.00011
1.00011
1.00011
1.00011
1.00011
1.00011
1.00011
1.00011
1.00011
1.00011
1.00011
1.6002
1.69015
4.38319
9.38363
12.5663
12.6338
12.5404
9.84594
4.84618
1.66604
1.00011
1.00011
1.00011
1.00011
1.00011
1.00011
1.00011
1.00011
1.00011
1.00011
1.00011
1.00011
1.00011
1.00011
1.00011
1.61254
5.30574
10.3069
12.4888
12.4888
11.8744
8.17868
3.18012
1.00011
1.00011
1.00011
1.00011
1.00011
1.00011
1.00011
1.00011
1.00011
1.00011
1.00011
1.00011
1.00011
1.00011
1.00011
1.00011
2.61249
7.30657
12.3083
13.4883
13.4881
11.8748
7.17919
2.17951
1.00011
1.00011
1.00011
1.00011
1.00011
1.00011
1.00011
1.00011
1.00011
1.00011
1.00011
1.00011
1.00011
1.00011
1.00011
1.00011
3.61168
8.61238
12.6136
12.7954
12.793
10.1816
5.1813
1.1803
1.00011
1.00011
1.00011
1.00011
1.00011
1.00011
1.00011
1.00011
1.00011
1.00011
1.00011
1.00011
1.00011
1.00011
1.00011
2.00119
5.61149
10.6133
13.6138
13.6135
12.6271
9.01527
4.01583
1.0158
1.01579
1.00011
1.00011
1.00011
1.00011
1.00011
1.00011
1.00011
1.00011
1.00011
1.00011
2.00119
3.00098
4.00237
5.00269
7.00149
10.6141
14.6148
16.6157
16.6148
15.6291
12.0163
8.01749
5.01689
4.01709
2.99999
1.99967
1.00011
1.00011
1.00011
1.00011
1.00011
1.00011
1.00011
1.00011
3.00043
5.00126
7.0045
9.00669
12.0065
15.0064
18.0057
19.0047
19.0033
18.0203
15.0212
12.0219
9.02274
7.0219
5.00297
3.00077
1.00011
1.00011
1.00011
1.00011
1.00011
1.00011
1.00011
1.00011
2.9985
4.99868
7.00032
9.00378
12.006
14.0059
16.0044
16.0011
16.0004
15.0178
13.0206
11.021
9.02266
7.0225
5.00517
3.00171
1.00011
1.00011
1.00011
1.00011
1.00011
1.00011
1.00011
1.00011
2.99984
4.99878
6.99732
8.99793
11.9992
12.9989
13.9974
13.9954
13.9946
13.0118
12.0136
11.0147
9.01498
7.01606
5.00185
3.00124
1.00011
1.00011
1.00011
1.00011
1.00011
1.00011
1.00011
1.00011
3.00084
5.00034
6.99754
8.99475
10.9943
10.9943
10.9943
10.9943
10.9943
10.9943
10.9943
10.9943
8.99354
6.99404
4.99685
2.99964
1.00011
1.00011
1.00011
1.00011
1.00011
1.00011
1.00011
1.00011
2.00026
2.99998
3.99842
4.99661
5.99549
5.99549
5.99549
5.99549
5.99549
5.99549
5.99549
5.99549
4.99534
3.99563
2.99719
1.999
1.00011
1.00011
1.00011
1.00011
1.00011
1.00011
1.00011
1.00011
1.00011
1.00011
1.00011
1.00011
1.00011
1.00011
1.00011
1.00011
1.00011
1.00011
1.00011
1.00011
1.00011
1.00011
1.00011
1.00011
1.00011
1.00011
1.00011
1.00011
1.00011
1.00011
1.00011
1.00011
1.00011
1.00011
1.00011
1.00011
1.00011
1.00011
1.00011
1.00011
1.00011
1.00011
1.00011
1.00011
1.00011
1.00011
1.00011
1.00011
1.00011
1.00011
1.00011
1.00011
1.00011
1.00011
1.00011
1.00011
1.00011
1.00011
1.00011
1.00011
1.00011
1.00011
1.00011
1.00011
1.00011
1.00011
1.00011
1.00011
1.00011
1.00011
1.00011
1.00011
1.00011
1.00011
1.00011
1.00011
1.00011
1.00011
1.00011
1.00011
1.00011
1.00011
1.00011
1.00011
1.00011
1.00011
1.00011
1.00011
1.00011
1.00011
1.00011
1.00011
1.00011
1.00011
1.00011
1.00011
1.00011
1.00011
1.00011
1.00011
1.00011
1.00011
1.00011
1.00083
1.00083
1.00083
1.00083
1.00083
1.00083
1.00083
1.00083
1.00083
2.00225
4.00323
5.00305
4.99922
4.99735
3.99958
2.00016
1.00083
1.00083
1.00083
1.00083
1.00083
1.00083
1.00083
1.00083
1.00083
1.00083
1.00083
1.00083
1.00083
1.00083
1.00083
1.00083
2.00225
4.00323
7.00269
8.99989
8.99526
7.99553
5.99891
3.00098
1.00083
1.00083
1.00083
1.00083
1.00083
1.00083
1.00083
1.00083
1.00083
1.00083
1.00083
1.00083
1.00083
1.00083
1.18541
2.18681
4.18752
7.18675
11.1827
13.1392
12.1379
10.1388
7.14371
3.14729
1.00083
1.00083
1.00083
1.00083
1.00083
1.00083
1.00083
1.00083
1.00083
1.00083
1.00083
1.00083
1.00083
2.00225
3.18782
5.18737
8.18535
12.1819
16.1776
17.1355
15.1369
12.1381
8.14393
3.1464
1.00083
1.00083
1.00083
1.00083
1.00083
1.00083
1.00083
1.00083
1.00083
1.00083
1.00083
1.00083
1.11472
3.11578
5.30082
8.11848
11.588
16.4715
19.4697
19.4297
16.6099
13.1398
8.14446
3.1456
1.00083
1.00083
1.00083
1.00083
1.00083
1.00083
1.00083
1.00083
1.00083
1.00083
1.00083
1.00083
1.11452
3.715
5.9888
8.8033
13.2744
18.162
20.2285
19.0966
16.2766
11.808
6.81237
2.14576
1.00083
1.00083
1.00083
1.00083
1.00083
1.00083
1.00083
1.00083
1.00083
1.00083
1.00083
1.00083
1.11456
3.71294
5.98601
8.80172
13.2746
18.1637
19.2274
17.0957
14.2782
9.80927
4.81327
1.14591
1.00083
1.00083
1.00083
1.00083
1.00083
1.00083
1.00083
1.00083
1.00083
1.00083
1.00083
1.00083
1.1144
3.71229
5.80051
8.31379
12.7885
17.6752
17.7366
15.644
13.1352
8.66541
3.66751
1.00083
1.00083
1.00083
1.00083
1.00083
1.00083
1.00083
1.00083
1.00083
1.00083
1.00083
1.00083
1.00083
1.11447
2.71287
3.80234
6.31759
10.7914
14.8549
14.9155
13.8253
11.318
6.84748
2.66718
1.00083
1.00083
1.00083
1.00083
1.00083
1.00083
1.00083
1.00083
1.00083
1.00083
1.00083
1.00083
1.00083
1.00083
1.60039
1.6904
4.38628
9.38459
12.5595
12.6223
12.5339
9.84534
4.84781
1.66741
1.00083
1.00083
1.00083
1.00083
1.00083
1.00083
1.00083
1.00083
1.00083
1.00083
1.00083
1.00083
1.00083
1.00083
1.00083
1.61346
5.30761
10.3057
12.4792
12.4763
11.8693
8.17972
3.18092
1.00083
1.00083
1.00083
1.00083
1.00083
1.00083
1.00083
1.00083
1.00083
1.00083
1.00083
1.00083
1.00083
1.00083
1.00083
1.00083
2.6138
7.30692
12.3039
13.4789
13.4766
11.8703
7.18074
2.18105
1.00083
1.00083
1.00083
1.00083
1.00083
1.00083
1.00083
1.00083
1.00083
1.00083
1.00083
1.00083
1.00083
1.00083
1.00083
1.00083
3.61366
8.61242
12.6065
12.7832
12.7841
10.1775
5.18214
1.1812
1.00083
1.00083
1.00083
1.00083
1.00083
1.00083
1.00083
1.00083
1.00083
1.00083
1.00083
1.00083
1.00083
1.00083
1.00083
2.00225
5.61412
10.6117
13.6043
13.6016
12.6211
9.01406
4.01674
1.0165
1.01651
1.00083
1.00083
1.00083
1.00083
1.00083
1.00083
1.00083
1.00083
1.00083
1.00083
2.00225
3.00357
4.00348
5.00208
7.00107
10.6105
14.6072
16.6035
16.6043
15.625
12.0165
8.01666
5.01566
4.01437
2.99877
2.00016
1.00083
1.00083
1.00083
1.00083
1.00083
1.00083
1.00083
1.00083
3.0019
5.0028
7.00126
8.99855
11.9987
14.9966
17.993
18.9925
18.9933
18.012
15.0139
12.0142
9.01329
7.01242
4.99827
3.00098
1.00083
1.00083
1.00083
1.00083
1.00083
1.00083
1.00083
1.00083
3.00048
5.00007
6.99707
8.99456
11.9946
13.9928
15.9909
15.9923
15.9933
15.0096
13.0113
11.0117
9.01205
7.01247
4.99978
3.00229
1.00083
1.00083
1.00083
1.00083
1.00083
1.00083
1.00083
1.00083
2.99942
4.99838
6.99583
8.99365
11.9933
12.9923
13.9926
13.9926
13.9935
13.0089
12.0095
11.0097
9.01109
7.01214
4.999
3.00118
1.00083
1.00083
1.00083
1.00083
1.00083
1.00083
1.00083
1.00083
2.99869
4.99669
6.99595
8.99429
10.9939
10.9939
10.9939
10.9939
10.9939
10.9939
10.9939
10.9939
8.99601
6.99801
4.99876
3.00041
1.00083
1.00083
1.00083
1.00083
1.00083
1.00083
1.00083
1.00083
2.00009
2.99915
3.9994
4.99873
5.99861
5.99861
5.99861
5.99861
5.99861
5.99861
5.99861
5.99861
4.99935
4.00029
3.00004
2.00071
1.00083
1.00083
1.00083
1.00083
1.00083
1.00083
1.00083
1.00083
1.00083
1.00083
1.00083
1.00083
1.00083
1.00083
1.00083
1.00083
1.00083
1.00083
1.00083
1.00083
1.00083
1.00083
1.00083
1.00083
1.00083
1.00083
1.00083
1.00083
1.00083
1.00083
1.00083
1.00083
1.00083
1.00083
1.00083
1.00083
1.00083
1.00083
1.00083
1.00083
1.00083
1.00083
1.00083
1.00083
1.00083
1.00083
1.00083
1.00083
1.00083
1.00083
1.00083
1.00083
1.00083
1.00083
1.00083
1.00083
1.00083
1.00083
1.00083
1.00083
1.00083
1.00083
1.00083
1.00083
1.00083
1.00083
1.00083
1.00083
1.00083
1.00083
1.00083
1.00083
1.00083
1.00083
1.00083
1.00083
1.00083
1.00083
1.00083
1.00083
1.00083
1.00083
1.00083
1.00083
1.00083
1.00083
1.00083
1.00083
1.00083
1.00083
1.00083
1.00083
1.00083
1.00083
1.00083
1.00083
1.00083
1.00083
1.00083
1.00083
1.00083
1.00083
1.00083
1.00033
1.00033
1.00033
1.00033
1.00033
1.00033
1.00033
1.00033
1.00033
2.00069
3.99934
5.0019
5.00173
4.99961
3.99908
1.99949
1.00033
1.00033
1.00033
1.00033
1.00033
1.00033
1.00033
1.00033
1.00033
1.00033
1.00033
1.00033
1.00033
1.00033
1.00033
1.00033
2.00069
3.99934
7.00015
9.0006
9.00148
8.00088
5.99874
2.99977
1.00033
1.00033
1.00033
1.00033
1.00033
1.00033
1.00033
1.00033
1.00033
1.00033
1.00033
1.00033
1.00033
1.00033
1.18471
2.18491
4.1839
7.18433
11.1828
13.1426
12.1464
10.1456
7.14353
3.14577
1.00033
1.00033
1.00033
1.00033
1.00033
1.00033
1.00033
1.00033
1.00033
1.00033
1.00033
1.00033
1.00033
2.00069
3.18434
5.18506
8.184
12.182
16.1814
17.1418
15.1445
12.143
8.14376
3.14503
1.00033
1.00033
1.00033
1.00033
1.00033
1.00033
1.00033
1.00033
1.00033
1.00033
1.00033
1.00033
1.1141
3.11352
5.29775
8.11873
11.5902
16.4757
19.4746
19.4373
16.6177
13.1416
8.14295
3.14467
1.00033
1.00033
1.00033
1.00033
1.00033
1.00033
1.00033
1.00033
1.00033
1.00033
1.00033
1.00033
1.11396
3.71256
5.98584
8.80728
13.28
18.1647
20.2323
19.104
16.2844
11.808
6.81006
2.14517
1.00033
1.00033
1.00033
1.00033
1.00033
1.00033
1.00033
1.00033
1.00033
1.00033
1.00033
1.00033
1.11395
3.71143
5.98455
8.80616
13.2786
18.1638
19.2312
17.1035
14.284
9.80897
4.81151
1.14541
1.00033
1.00033
1.00033
1.00033
1.00033
1.00033
1.00033
1.00033
1.00033
1.00033
1.00033
1.00033
1.11393
3.71265
5.80083
8.31597
12.7873
17.673
17.7415
15.6518
13.1384
8.66437
3.66633
1.00033
1.00033
1.00033
1.00033
1.00033
1.00033
1.00033
1.00033
1.00033
1.00033
1.00033
1.00033
1.00033
1.1141
2.7137
3.80295
6.31688
10.7877
14.8541
14.924
13.8333
11.3185
6.84569
2.66641
1.00033
1.00033
1.00033
1.00033
1.00033
1.00033
1.00033
1.00033
1.00033
1.00033
1.00033
1.00033
1.00033
1.00033
1.60056
1.6901
4.3832
9.38099
12.563
12.6308
12.5387
9.84429
4.84608
1.66688
1.00033
1.00033
1.00033
1.00033
1.00033
1.00033
1.00033
1.00033
1.00033
1.00033
1.00033
1.00033
1.00033
1.00033
1.00033
1.61232
5.30375
10.3029
12.4857
12.4856
11.8714
8.17823
3.17997
1.00033
1.00033
1.00033
1.00033
1.00033
1.00033
1.00033
1.00033
1.00033
1.00033
1.00033
1.00033
1.00033
1.00033
1.00033
1.00033
2.61194
7.30372
12.3032
13.486
13.4858
11.8706
7.1784
2.18044
1.00033
1.00033
1.00033
1.00033
1.00033
1.00033
1.00033
1.00033
1.00033
1.00033
1.00033
1.00033
1.00033
1.00033
1.00033
1.00033
3.61106
8.60924
12.6095
12.7918
12.7911
10.1774
5.18019
1.18069
1.00033
1.00033
1.00033
1.00033
1.00033
1.00033
1.00033
1.00033
1.00033
1.00033
1.00033
1.00033
1.00033
1.00033
1.00033
2.00069
5.60953
10.6094
13.6102
13.6099
12.625
9.01329
4.01543
1.01601
1.01601
1.00033
1.00033
1.00033
1.00033
1.00033
1.00033
1.00033
1.00033
1.00033
1.00033
2.00069
3.00019
4.00152
5.00082
6.99914
10.6095
14.6081
16.61
16.6103
15.6251
12.0141
8.0149
5.0153
4.01582
2.99879
1.99949
1.00033
1.00033
1.00033
1.00033
1.00033
1.00033
1.00033
1.00033
2.99985
4.99973
7.00233
9.00112
11.9996
14.9979
17.9966
18.9983
18.9991
18.0136
15.0145
12.0161
9.01672
7.01685
4.99856
2.99977
1.00033
1.00033
1.00033
1.00033
1.00033
1.00033
1.00033
1.00033
2.99858
4.99793
6.99992
8.99913
11.9985
13.9976
15.9972
15.9974
15.9977
15.0132
13.0145
11.0153
9.01703
7.01767
5
3.00079
1.00033
1.00033
1.00033
1.00033
1.00033
1.00033
1.00033
1.00033
2.99833
4.996
6.99715
8.99672
11.9967
12.9959
13.9955
13.994
13.9946
13.0107
12.0118
11.012
9.01396
7.0163
4.99947
2.99989
1.00033
1.00033
1.00033
1.00033
1.00033
1.00033
1.00033
1.00033
2.99962
4.99757
6.99755
8.99628
10.9955
10.9955
10.9955
10.9955
10.9955
10.9955
10.9955
10.9955
8.9962
6.99826
4.99827
2.99954
1.00033
1.00033
1.00033
1.00033
1.00033
1.00033
1.00033
1.00033
2.00072
2.99995
3.99951
4.99839
5.99822
5.99822
5.99822
5.99822
5.99822
5.99822
5.99822
5.99822
4.99783
3.9986
2.99904
2.00016
1.00033
1.00033
1.00033
1.00033
1.00033
1.00033
1.00033
1.00033
1.00033
1.00033
1.00033
1.00033
1.00033
1.00033
1.00033
1.00033
1.00033
1.00033
1.00033
1.00033
1.00033
1.00033
1.00033
1.00033
1.00033
1.00033
1.00033
1.00033
1.00033
1.00033
1.00033
1.00033
1.00033
1.00033
1.00033
1.00033
1.00033
1.00033
1.00033
1.00033
1.00033
1.00033
1.00033
1.00033
1.00033
1.00033
1.00033
1.00033
1.00033
1.00033
1.00033
1.00033
1.00033
1.00033
1.00033
1.00033
1.00033
1.00033
1.00033
1.00033
1.00033
1.00033
1.00033
1.00033
1.00033
1.00033
1.00033
1.00033
1.00033
1.00033
1.00033
1.00033
1.00033
1.00033
1.00033
1.00033
1.00033
1.00033
1.00033
1.00033
1.00033
1.00033
1.00033
1.00033
1.00033
1.00033
1.00033
1.00033
1.00033
1.00033
1.00033
1.00033
1.00033
1.00033
1.00033
1.00033
1.00033
1.00033
1.00033
1.00033
1.00033
1.00033
1.00033
1.0002
1.0002
1.0002
1.0002
1.0002
1.0002
1.0002
1.0002
1.0002
2.0014
4.00379
5.00399
5.00437
5.00361
4.00152
2.00075
1.0002
1.0002
1.0002
1.0002
1.0002
1.0002
1.0002
1.0002
1.0002
1.0002
1.0002
1.0002
1.0002
1.0002
1.0002
1.0002
2.0014
4.00379
7.00296
9.00367
9.0036
8.00123
6.00072
3.0005
1.0002
1.0002
1.0002
1.0002
1.0002
1.0002
1.0002
1.0002
1.0002
1.0002
1.0002
1.0002
1.0002
1.0002
1.18473
2.18602
4.18841
7.18747
11.1854
13.1447
12.1424
10.143
7.14277
3.14415
1.0002
1.0002
1.0002
1.0002
1.0002
1.0002
1.0002
1.0002
1.0002
1.0002
1.0002
1.0002
1.0002
2.0014
3.18752
5.18963
8.18826
12.1859
16.1849
17.1398
15.14
12.1428
8.14234
3.14405
1.0002
1.0002
1.0002
1.0002
1.0002
1.0002
1.0002
1.0002
1.0002
1.0002
1.0002
1.0002
1.11406
3.11603
5.30094
8.11997
11.5923
16.4773
19.4746
19.434
16.6164
13.1431
8.14483
3.14497
1.0002
1.0002
1.0002
1.0002
1.0002
1.0002
1.0002
1.0002
1.0002
1.0002
1.0002
1.0002
1.114
3.71354
5.9857
8.80331
13.2765
18.1627
20.2293
19.1019
16.2843
11.8102
6.81175
2.14531
1.0002
1.0002
1.0002
1.0002
1.0002
1.0002
1.0002
1.0002
1.0002
1.0002
1.0002
1.0002
1.11372
3.71143
5.9823
8.80149
13.2769
18.1624
19.2296
17.1019
14.284
9.8099
4.81076
1.1453
1.0002
1.0002
1.0002
1.0002
1.0002
1.0002
1.0002
1.0002
1.0002
1.0002
1.0002
1.0002
1.11381
3.71269
5.80125
8.31554
12.7912
17.6769
17.7428
15.6522
13.1389
8.66539
3.66603
1.0002
1.0002
1.0002
1.0002
1.0002
1.0002
1.0002
1.0002
1.0002
1.0002
1.0002
1.0002
1.0002
1.11403
2.71424
3.80396
6.31922
10.7933
14.8578
14.9238
13.8325
11.3191
6.84668
2.66676
1.0002
1.0002
1.0002
1.0002
1.0002
1.0002
1.0002
1.0002
1.0002
1.0002
1.0002
1.0002
1.0002
1.0002
1.60075
1.69036
4.38496
9.38474
12.5619
12.6281
12.5388
9.8449
4.84663
1.6669
1.0002
1.0002
1.0002
1.0002
1.0002
1.0002
1.0002
1.0002
1.0002
1.0002
1.0002
1.0002
1.0002
1.0002
1.0002
1.6127
5.30661
10.3054
12.4845
12.4837
11.8725
8.18006
3.18023
1.0002
1.0002
1.0002
1.0002
1.0002
1.0002
1.0002
1.0002
1.0002
1.0002
1.0002
1.0002
1.0002
1.0002
1.0002
1.0002
2.6136
7.30714
12.3054
13.4856
13.4857
11.8732
7.18056
2.1806
1.0002
1.0002
1.0002
1.0002
1.0002
1.0002
1.0002
1.0002
1.0002
1.0002
1.0002
1.0002
1.0002
1.0002
1.0002
1.0002
3.61282
8.61187
12.6095
12.788
12.7898
10.1786
5.17934
1.1806
1.0002
1.0002
1.0002
1.0002
1.0002
1.0002
1.0002
1.0002
1.0002
1.0002
1.0002
1.0002
1.0002
1.0002
1.0002
2.0014
5.61322
10.612
13.6091
13.6079
12.6249
9.01379
4.01475
1.0159
1.01589
1.0002
1.0002
1.0002
1.0002
1.0002
1.0002
1.0002
1.0002
1.0002
1.0002
2.0014
3.00307
4.00474
5.00576
7.00704
10.6159
14.6128
16.6122
16.6128
15.6301
12.0213
8.02181
5.0208
4.01913
3.00177
2.00075
1.0002
1.0002
1.0002
1.0002
1.0002
1.0002
1.0002
1.0002
3.00212
5.00304
7.00451
9.0057
12.0043
15.0024
18.0002
18.9998
19.0016
18.0188
15.0214
12.0217
9.01974
7.01884
5.00169
3.0005
1.0002
1.0002
1.0002
1.0002
1.0002
1.0002
1.0002
1.0002
2.99917
4.99656
6.99563
8.99386
11.9917
13.9913
15.9904
15.9898
15.9919
15.0088
13.0081
11.0083
9.00934
7.01196
4.99721
2.99897
1.0002
1.0002
1.0002
1.0002
1.0002
1.0002
1.0002
1.0002
2.99748
4.99436
6.99285
8.99073
11.9904
12.9902
13.9898
13.9898
13.99
13.0061
12.0053
11.0052
9.00794
7.01104
4.99687
2.99899
1.0002
1.0002
1.0002
1.0002
1.0002
1.0002
1.0002
1.0002
3.00015
4.9987
6.99752
8.99819
10.998
10.998
10.998
10.998
10.998
10.998
10.998
10.998
8.99805
6.9995
5.00068
3.00001
1.0002
1.0002
1.0002
1.0002
1.0002
1.0002
1.0002
1.0002
2.00112
3.00092
4.00051
5.00137
6.00142
6.00142
6.00142
6.00142
6.00142
6.00142
6.00142
6.00142
5.0005
4.0007
3.00111
2.00025
1.0002
1.0002
1.0002
1.0002
1.0002
1.0002
1.0002
1.0002
1.0002
1.0002
1.0002
1.0002
1.0002
1.0002
1.0002
1.0002
1.0002
1.0002
1.0002
1.0002
1.0002
1.0002
1.0002
1.0002
1.0002
1.0002
1.0002
1.0002
1.0002
1.0002
1.0002
1.0002
1.0002
1.0002
1.0002
1.0002
1.0002
1.0002
1.0002
1.0002
1.0002
1.0002
1.0002
1.0002
1.0002
1.0002
1.0002
1.0002
1.0002
1.0002
1.0002
1.0002
1.0002
1.0002
1.0002
1.0002
1.0002
1.0002
1.0002
1.0002
1.0002
1.0002
1.0002
1.0002
1.0002
1.0002
1.0002
1.0002
1.0002
1.0002
1.0002
1.0002
1.0002
1.0002
1.0002
1.0002
1.0002
1.0002
1.0002
1.0002
1.0002
1.0002
1.0002
1.0002
1.0002
1.0002
1.0002
1.0002
1.0002
1.0002
1.0002
1.0002
1.0002
1.0002
1.0002
1.0002
1.0002
1.0002
1.0002
1.0002
1.0002
1.0002
1.0002
1.00071
1.00071
1.00071
1.00071
1.00071
1.00071
1.00071
1.00071
1.00071
2.00195
4.00318
5.00518
5.0016
5.00019
3.99763
1.99982
1.00071
1.00071
1.00071
1.00071
1.00071
1.00071
1.00071
1.00071
1.00071
1.00071
1.00071
1.00071
1.00071
1.00071
1.00071
1.00071
2.00195
4.00318
7.00605
9.00537
9.00009
7.99696
5.99715
2.99821
1.00071
1.00071
1.00071
1.00071
1.00071
1.00071
1.00071
1.00071
1.00071
1.00071
1.00071
1.00071
1.00071
1.00071
1.18525
2.1864
4.1877
7.19026
11.189
13.1462
12.1415
10.1393
7.14121
3.14377
1.00071
1.00071
1.00071
1.00071
1.00071
1.00071
1.00071
1.00071
1.00071
1.00071
1.00071
1.00071
1.00071
2.00195
3.1871
5.18888
8.18971
12.1882
16.1852
17.1394
15.1385
12.1395
8.14203
3.14494
1.00071
1.00071
1.00071
1.00071
1.00071
1.00071
1.00071
1.00071
1.00071
1.00071
1.00071
1.00071
1.11458
3.11624
5.30277
8.12311
11.5956
16.4772
19.4739
19.4327
16.6122
13.1404
8.14434
3.14568
1.00071
1.00071
1.00071
1.00071
1.00071
1.00071
1.00071
1.00071
1.00071
1.00071
1.00071
1.00071
1.11449
3.7162
5.9922
8.80882
13.2808
18.1635
20.2315
19.1016
16.2797
11.8083
6.8112
2.14601
1.00071
1.00071
1.00071
1.00071
1.00071
1.00071
1.00071
1.00071
1.00071
1.00071
1.00071
1.00071
1.11448
3.71424
5.98896
8.80459
13.2785
18.1651
19.2342
17.1029
14.2797
9.80972
4.81121
1.14584
1.00071
1.00071
1.00071
1.00071
1.00071
1.00071
1.00071
1.00071
1.00071
1.00071
1.00071
1.00071
1.11433
3.71366
5.80188
8.31339
12.7918
17.6816
17.7443
15.6497
13.1357
8.66529
3.6671
1.00071
1.00071
1.00071
1.00071
1.00071
1.00071
1.00071
1.00071
1.00071
1.00071
1.00071
1.00071
1.00071
1.11444
2.71373
3.80259
6.31708
10.795
14.8625
14.9237
13.8273
11.3178
6.8471
2.66741
1.00071
1.00071
1.00071
1.00071
1.00071
1.00071
1.00071
1.00071
1.00071
1.00071
1.00071
1.00071
1.00071
1.00071
1.60072
1.69007
4.38631
9.38947
12.5653
12.6263
12.5341
9.84461
4.84794
1.66755
1.00071
1.00071
1.00071
1.00071
1.00071
1.00071
1.00071
1.00071
1.00071
1.00071
1.00071
1.00071
1.00071
1.00071
1.00071
1.61323
5.3085
10.3107
12.4847
12.4797
11.8696
8.17959
3.18097
1.00071
1.00071
1.00071
1.00071
1.00071
1.00071
1.00071
1.00071
1.00071
1.00071
1.00071
1.00071
1.00071
1.00071
1.00071
1.00071
2.61401
7.30935
12.3097
13.4841
13.4798
11.8708
7.17954
2.1813
1.00071
1.00071
1.00071
1.00071
1.00071
1.00071
1.00071
1.00071
1.00071
1.00071
1.00071
1.00071
1.00071
1.00071
1.00071
1.00071
3.61443
8.61619
12.6127
12.7882
12.7854
10.1783
5.17934
1.18115
1.00071
1.00071
1.00071
1.00071
1.00071
1.00071
1.00071
1.00071
1.00071
1.00071
1.00071
1.00071
1.00071
1.00071
1.00071
2.00195
5.61475
10.6171
13.6103
13.6053
12.6211
9.01392
4.01604
1.01639
1.01638
1.00071
1.00071
1.00071
1.00071
1.00071
1.00071
1.00071
1.00071
1.00071
1.00071
2.00195
3.0027
4.00383
5.00326
7.00285
10.6154
14.6141
16.6091
16.6059
15.626
12.0177
8.01797
5.01681
4.01604
2.99925
1.99982
1.00071
1.00071
1.00071
1.00071
1.00071
1.00071
1.00071
1.00071
3.00243
5.00453
7.00524
9.00448
12.0024
15.0021
17.9982
18.9956
18.997
18.0167
15.0186
12.0179
9.01592
7.01384
4.99745
2.99821
1.00071
1.00071
1.00071
1.00071
1.00071
1.00071
1.00071
1.00071
3.00157
5.00363
7.00142
9.00004
11.9972
13.9964
15.9941
15.9943
15.9974
15.0153
13.0137
11.0138
9.01296
7.0109
4.99742
2.9988
1.00071
1.00071
1.00071
1.00071
1.00071
1.00071
1.00071
1.00071
3.00015
5.00007
6.99732
8.99645
11.9958
12.9944
13.9935
13.9947
13.9964
13.013
12.0117
11.0115
9.01208
7.01214
4.99921
3.00008
1.00071
1.00071
1.00071
1.00071
1.00071
1.00071
1.00071
1.00071
2.99979
4.99761
6.99567
8.99726
10.9972
10.9972
10.9972
10.9972
10.9972
10.9972
10.9972
10.9972
8.9981
7.00027
5.00221
3.00063
1.00071
1.00071
1.00071
1.00071
1.00071
1.00071
1.00071
1.00071
2.00073
2.99933
3.99837
4.99963
5.99989
5.99989
5.99989
5.99989
5.99989
5.99989
5.99989
5.99989
4.99986
4.00126
3.00222
2.00096
1.00071
1.00071
1.00071
1.00071
1.00071
1.00071
1.00071
1.00071
1.00071
1.00071
1.00071
1.00071
1.00071
1.00071
1.00071
1.00071
1.00071
1.00071
1.00071
1.00071
1.00071
1.00071
1.00071
1.00071
1.00071
1.00071
1.00071
1.00071
1.00071
1.00071
1.00071
1.00071
1.00071
1.00071
1.00071
1.00071
1.00071
1.00071
1.00071
1.00071
1.00071
1.00071
1.00071
1.00071
1.00071
1.00071
1.00071
1.00071
1.00071
1.00071
1.00071
1.00071
1.00071
1.00071
1.00071
1.00071
1.00071
1.00071
1.00071
1.00071
1.00071
1.00071
1.00071
1.00071
1.00071
1.00071
1.00071
1.00071
1.00071
1.00071
1.00071
1.00071
1.00071
1.00071
1.00071
1.00071
1.00071
1.00071
1.00071
1.00071
1.00071
1.00071
1.00071
1.00071
1.00071
1.00071
1.00071
1.00071
1.00071
1.00071
1.00071
1.00071
1.00071
1.00071
1.00071
1.00071
1.00071
1.00071
1.00071
1.00071
1.00071
1.00071
1.00071
1.00013
1.00013
1.00013
1.00013
1.00013
1.00013
1.00013
1.00013
1.00013
1.99934
3.99747
4.99472
4.9962
4.99991
4.00188
2.00075
1.00013
1.00013
1.00013
1.00013
1.00013
1.00013
1.00013
1.00013
1.00013
1.00013
1.00013
1.00013
1.00013
1.00013
1.00013
1.00013
1.99934
3.99747
6.99312
8.99123
8.99515
8.00108
6.00465
3.00258
1.00013
1.00013
1.00013
1.00013
1.00013
1.00013
1.00013
1.00013
1.00013
1.00013
1.00013
1.00013
1.00013
1.00013
1.1843
2.18335
4.18164
7.1773
11.1738
13.1347
12.1412
10.1504
7.1523
3.14926
1.00013
1.00013
1.00013
1.00013
1.00013
1.00013
1.00013
1.00013
1.00013
1.00013
1.00013
1.00013
1.00013
1.99934
3.18199
5.18058
8.17657
12.1745
16.1726
17.1346
15.1441
12.1535
8.1536
3.14939
1.00013
1.00013
1.00013
1.00013
1.00013
1.00013
1.00013
1.00013
1.00013
1.00013
1.00013
1.00013
1.11377
3.11263
5.29296
8.10969
11.583
16.4692
19.4674
19.4326
16.6219
13.1533
8.15465
3.14756
1.00013
1.00013
1.00013
1.00013
1.00013
1.00013
1.00013
1.00013
1.00013
1.00013
1.00013
1.00013
1.11383
3.71153
5.98164
8.80016
13.2731
18.1616
20.2273
19.102
16.2905
11.8208
6.81978
2.14573
1.00013
1.00013
1.00013
1.00013
1.00013
1.00013
1.00013
1.00013
1.00013
1.00013
1.00013
1.00013
1.11371
3.7117
5.98126
8.80035
13.2764
18.1629
19.228
17.1029
14.2925
9.82179
4.81744
1.14527
1.00013
1.00013
1.00013
1.00013
1.00013
1.00013
1.00013
1.00013
1.00013
1.00013
1.00013
1.00013
1.11381
3.71187
5.79857
8.31155
12.7868
17.6717
17.736
15.6517
13.1484
8.6763
3.67023
1.00013
1.00013
1.00013
1.00013
1.00013
1.00013
1.00013
1.00013
1.00013
1.00013
1.00013
1.00013
1.00013
1.11381
2.71297
3.80099
6.31404
10.7865
14.8488
14.9157
13.8346
11.3305
6.85557
2.66823
1.00013
1.00013
1.00013
1.00013
1.00013
1.00013
1.00013
1.00013
1.00013
1.00013
1.00013
1.00013
1.00013
1.00013
1.59985
1.68958
4.38193
9.37681
12.5522
12.6227
12.5457
9.85639
4.85251
1.66696
1.00013
1.00013
1.00013
1.00013
1.00013
1.00013
1.00013
1.00013
1.00013
1.00013
1.00013
1.00013
1.00013
1.00013
1.00013
1.61141
5.30231
10.2952
12.4737
12.4812
11.8819
8.18995
3.18293
1.00013
1.00013
1.00013
1.00013
1.00013
1.00013
1.00013
1.00013
1.00013
1.00013
1.00013
1.00013
1.00013
1.00013
1.00013
1.00013
2.61095
7.29986
12.2929
13.4737
13.4859
11.8832
7.18866
2.18109
1.00013
1.00013
1.00013
1.00013
1.00013
1.00013
1.00013
1.00013
1.00013
1.00013
1.00013
1.00013
1.00013
1.00013
1.00013
1.00013
3.61002
8.6037
12.5988
12.7818
12.7964
10.1906
5.18672
1.18057
1.00013
1.00013
1.00013
1.00013
1.00013
1.00013
1.00013
1.00013
1.00013
1.00013
1.00013
1.00013
1.00013
1.00013
1.00013
1.99934
5.60761
10.6009
13.5979
13.6054
12.6346
9.02535
4.01994
1.01581
1.01583
1.00013
1.00013
1.00013
1.00013
1.00013
1.00013
1.00013
1.00013
1.00013
1.00013
1.99934
2.99773
3.99693
4.99622
6.99659
10.604
14.5985
16.599
16.6079
15.6323
12.0213
8.01454
5.01334
4.01496
3.00005
2.00075
1.00013
1.00013
1.00013
1.00013
1.00013
1.00013
1.00013
1.00013
2.99908
4.99526
6.99364
8.9936
11.9947
14.9921
17.9886
18.9891
18.9984
18.0181
15.0171
12.012
9.01279
7.01664
5.00254
3.00258
1.00013
1.00013
1.00013
1.00013
1.00013
1.00013
1.00013
1.00013
2.99854
4.99462
6.99368
8.9945
11.998
13.9954
15.9935
15.9952
16.0016
15.019
13.0161
11.0141
9.01575
7.01967
5.00489
3.00407
1.00013
1.00013
1.00013
1.00013
1.00013
1.00013
1.00013
1.00013
2.99832
4.99447
6.99363
8.99532
11.9987
12.9976
13.9968
13.9986
14
13.0164
12.0151
11.0149
9.01674
7.02057
5.00572
3.00403
1.00013
1.00013
1.00013
1.00013
1.00013
1.00013
1.00013
1.00013
2.99919
4.99587
6.99442
8.99723
10.9993
10.9993
10.9993
10.9993
10.9993
10.9993
10.9993
10.9993
9.0002
7.00352
5.00497
3.00216
1.00013
1.00013
1.00013
1.00013
1.00013
1.00013
1.00013
1.00013
1.99966
2.99848
3.99776
4.99904
5.99928
5.99928
5.99928
5.99928
5.99928
5.99928
5.99928
5.99928
4.99975
4.00093
3.00165
2.00037
1.00013
1.00013
1.00013
1.00013
1.00013
1.00013
1.00013
1.00013
1.00013
1.00013
1.00013
1.00013
1.00013
1.00013
1.00013
1.00013
1.00013
1.00013
1.00013
1.00013
1.00013
1.00013
1.00013
1.00013
1.00013
1.00013
1.00013
1.00013
1.00013
1.00013
1.00013
1.00013
1.00013
1.00013
1.00013
1.00013
1.00013
1.00013
1.00013
1.00013
1.00013
1.00013
1.00013
1.00013
1.00013
1.00013
1.00013
1.00013
1.00013
1.00013
1.00013
1.00013
1.00013
1.00013
1.00013
1.00013
1.00013
1.00013
1.00013
1.00013
1.00013
1.00013
1.00013
1.00013
1.00013
1.00013
1.00013
1.00013
1.00013
1.00013
1.00013
1.00013
1.00013
1.00013
1.00013
1.00013
1.00013
1.00013
1.00013
1.00013
1.00013
1.00013
1.00013
1.00013
1.00013
1.00013
1.00013
1.00013
1.00013
1.00013
1.00013
1.00013
1.00013
1.00013
1.00013
1.00013
1.00013
1.00013
1.00013
1.00013
1.00013
1.00013
1.00013
1.00055
1.00055
1.00055
1.00055
1.00055
1.00055
1.00055
1.00055
1.00055
1.99932
3.99713
4.99724
4.99907
5.00007
3.99858
1.99975
1.00055
1.00055
1.00055
1.00055
1.00055
1.00055
1.00055
1.00055
1.00055
1.00055
1.00055
1.00055
1.00055
1.00055
1.00055
1.00055
1.99932
3.99713
6.99551
8.9939
8.99843
8.00057
5.99986
2.99937
1.00055
1.00055
1.00055
1.00055
1.00055
1.00055
1.00055
1.00055
1.00055
1.00055
1.00055
1.00055
1.00055
1.00055
1.18463
2.18349
4.18145
7.17968
11.1772
13.1401
12.1424
10.1459
7.1474
3.14536
1.00055
1.00055
1.00055
1.00055
1.00055
1.00055
1.00055
1.00055
1.00055
1.00055
1.00055
1.00055
1.00055
1.99932
3.18257
5.18124
8.17905
12.1767
16.1776
17.1402
15.1437
12.1468
8.14598
3.14677
1.00055
1.00055
1.00055
1.00055
1.00055
1.00055
1.00055
1.00055
1.00055
1.00055
1.00055
1.00055
1.11413
3.11157
5.2938
8.11315
11.587
16.472
19.4713
19.4357
16.6217
13.1466
8.14614
3.14638
1.00055
1.00055
1.00055
1.00055
1.00055
1.00055
1.00055
1.00055
1.00055
1.00055
1.00055
1.00055
1.11411
3.71166
5.98379
8.80428
13.2792
18.1632
20.2301
19.1048
16.2883
11.8143
6.81325
2.14552
1.00055
1.00055
1.00055
1.00055
1.00055
1.00055
1.00055
1.00055
1.00055
1.00055
1.00055
1.00055
1.11423
3.71239
5.98549
8.80548
13.2788
18.164
19.2324
17.1061
14.2881
9.81426
4.81311
1.1456
1.00055
1.00055
1.00055
1.00055
1.00055
1.00055
1.00055
1.00055
1.00055
1.00055
1.00055
1.00055
1.11421
3.71346
5.8026
8.31602
12.7893
17.673
17.7424
15.6561
13.1424
8.66812
3.66805
1.00055
1.00055
1.00055
1.00055
1.00055
1.00055
1.00055
1.00055
1.00055
1.00055
1.00055
1.00055
1.00055
1.11427
2.7139
3.80415
6.31579
10.7884
14.8548
14.9229
13.8354
11.3241
6.84875
2.66759
1.00055
1.00055
1.00055
1.00055
1.00055
1.00055
1.00055
1.00055
1.00055
1.00055
1.00055
1.00055
1.00055
1.00055
1.60054
1.69065
4.38224
9.37897
12.5606
12.6308
12.5422
9.84924
4.84911
1.66704
1.00055
1.00055
1.00055
1.00055
1.00055
1.00055
1.00055
1.00055
1.00055
1.00055
1.00055
1.00055
1.00055
1.00055
1.00055
1.61156
5.30259
10.2994
12.4818
12.4865
11.876
8.18146
3.18168
1.00055
1.00055
1.00055
1.00055
1.00055
1.00055
1.00055
1.00055
1.00055
1.00055
1.00055
1.00055
1.00055
1.00055
1.00055
1.00055
2.61024
7.30129
12.2993
13.4827
13.487
11.8768
7.1816
2.18085
1.00055
1.00055
1.00055
1.00055
1.00055
1.00055
1.00055
1.00055
1.00055
1.00055
1.00055
1.00055
1.00055
1.00055
1.00055
1.00055
3.60949
8.60589
12.6066
12.7905
12.7933
10.1833
5.18165
1.18089
1.00055
1.00055
1.00055
1.00055
1.00055
1.00055
1.00055
1.00055
1.00055
1.00055
1.00055
1.00055
1.00055
1.00055
1.00055
1.99932
5.6082
10.6053
13.6068
13.6107
12.6292
9.01739
4.01714
1.01622
1.01622
1.00055
1.00055
1.00055
1.00055
1.00055
1.00055
1.00055
1.00055
1.00055
1.00055
1.99932
2.99852
3.99855
4.99776
6.99558
10.6051
14.6036
16.606
16.61
15.627
12.0138
8.01335
5.01389
4.01468
2.99896
1.99975
1.00055
1.00055
1.00055
1.00055
1.00055
1.00055
1.00055
1.00055
2.99794
4.99582
6.99594
8.99622
11.9947
14.9929
17.9929
18.994
18.9964
18.0135
15.0126
12.0105
9.01335
7.01547
4.99965
2.99937
1.00055
1.00055
1.00055
1.00055
1.00055
1.00055
1.00055
1.00055
2.99882
4.99625
6.99673
8.9986
11.9979
13.9976
15.9965
15.9971
15.9995
15.0155
13.0148
11.0141
9.01584
7.01843
5.00224
3.00037
1.00055
1.00055
1.00055
1.00055
1.00055
1.00055
1.00055
1.00055
2.99963
4.99813
6.99758
8.99803
11.9992
12.999
13.9995
14.0005
14.0003
13.0156
12.0146
11.0149
9.01582
7.01731
5.00217
3.00172
1.00055
1.00055
1.00055
1.00055
1.00055
1.00055
1.00055
1.00055
2.99997
4.99957
6.99903
8.99967
11.0004
11.0004
11.0004
11.0004
11.0004
11.0004
11.0004
11.0004
9.00095
7.00135
5.00189
3.00125
1.00055
1.00055
1.00055
1.00055
1.00055
1.00055
1.00055
1.00055
2.00054
3.00039
4.00079
5.00179
6.00152
6.00152
6.00152
6.00152
6.00152
6.00152
6.00152
6.00152
5.00153
4.00168
3.00127
2.00028
1.00055
1.00055
1.00055
1.00055
1.00055
1.00055
1.00055
1.00055
1.00055
1.00055
1.00055
1.00055
1.00055
1.00055
1.00055
1.00055
1.00055
1.00055
1.00055
1.00055
1.00055
1.00055
1.00055
1.00055
1.00055
1.00055
1.00055
1.00055
1.00055
1.00055
1.00055
1.00055
1.00055
1.00055
1.00055
1.00055
1.00055
1.00055
1.00055
1.00055
1.00055
1.00055
1.00055
1.00055
1.00055
1.00055
1.00055
1.00055
1.00055
1.00055
1.00055
1.00055
1.00055
1.00055
1.00055
1.00055
1.00055
1.00055
1.00055
1.00055
1.00055
1.00055
1.00055
1.00055
1.00055
1.00055
1.00055
1.00055
1.00055
1.00055
1.00055
1.00055
1.00055
1.00055
1.00055
1.00055
1.00055
1.00055
1.00055
1.00055
1.00055
1.00055
1.00055
1.00055
1.00055
1.00055
1.00055
1.00055
1.00055
1.00055
1.00055
1.00055
1.00055
1.00055
1.00055
1.00055
1.00055
1.00055
1.00055
1.00055
1.00055
1.00055
1.00055
1.00044
1.00044
1.00044
1.00044
1.00044
1.00044
1.00044
1.00044
1.00044
1.99935
3.99815
4.99905
5.00126
5.00208
4.00098
2.00056
1.00044
1.00044
1.00044
1.00044
1.00044
1.00044
1.00044
1.00044
1.00044
1.00044
1.00044
1.00044
1.00044
1.00044
1.00044
1.00044
1.99935
3.99815
6.99668
8.99717
8.99909
8.00009
6.00145
2.9998
1.00044
1.00044
1.00044
1.00044
1.00044
1.00044
1.00044
1.00044
1.00044
1.00044
1.00044
1.00044
1.00044
1.00044
1.18455
2.18373
4.18256
7.18121
11.1796
13.1419
12.142
10.1432
7.14457
3.14545
1.00044
1.00044
1.00044
1.00044
1.00044
1.00044
1.00044
1.00044
1.00044
1.00044
1.00044
1.00044
1.00044
1.99935
3.18376
5.18276
8.18194
12.1797
16.179
17.1405
15.1426
12.1423
8.14406
3.14506
1.00044
1.00044
1.00044
1.00044
1.00044
1.00044
1.00044
1.00044
1.00044
1.00044
1.00044
1.00044
1.11404
3.11152
5.29488
8.11334
11.5876
16.4722
19.4711
19.4342
16.6163
13.1439
8.14405
3.14538
1.00044
1.00044
1.00044
1.00044
1.00044
1.00044
1.00044
1.00044
1.00044
1.00044
1.00044
1.00044
1.11399
3.711
5.98469
8.80193
13.2766
18.1613
20.2272
19.1016
16.2837
11.8111
6.81174
2.14615
1.00044
1.00044
1.00044
1.00044
1.00044
1.00044
1.00044
1.00044
1.00044
1.00044
1.00044
1.00044
1.11408
3.71132
5.98604
8.8041
13.2756
18.1601
19.2284
17.1029
14.2831
9.81062
4.8121
1.14565
1.00044
1.00044
1.00044
1.00044
1.00044
1.00044
1.00044
1.00044
1.00044
1.00044
1.00044
1.00044
1.11404
3.71276
5.80333
8.31503
12.7867
17.6718
17.7407
15.6532
13.14
8.66564
3.66729
1.00044
1.00044
1.00044
1.00044
1.00044
1.00044
1.00044
1.00044
1.00044
1.00044
1.00044
1.00044
1.00044
1.11418
2.71361
3.80446
6.31521
10.7867
14.8546
14.9233
13.8327
11.3194
6.84633
2.66719
1.00044
1.00044
1.00044
1.00044
1.00044
1.00044
1.00044
1.00044
1.00044
1.00044
1.00044
1.00044
1.00044
1.00044
1.60051
1.69057
4.38146
9.37934
12.5614
12.6301
12.5389
9.84595
4.84776
1.66762
1.00044
1.00044
1.00044
1.00044
1.00044
1.00044
1.00044
1.00044
1.00044
1.00044
1.00044
1.00044
1.00044
1.00044
1.00044
1.61154
5.30234
10.3014
12.4832
12.4845
11.8728
8.17935
3.1807
1.00044
1.00044
1.00044
1.00044
1.00044
1.00044
1.00044
1.00044
1.00044
1.00044
1.00044
1.00044
1.00044
1.00044
1.00044
1.00044
2.61014
7.30149
12.3009
13.4843
13.4834
11.874
7.18036
2.18141
1.00044
1.00044
1.00044
1.00044
1.00044
1.00044
1.00044
1.00044
1.00044
1.00044
1.00044
1.00044
1.00044
1.00044
1.00044
1.00044
3.60904
8.60682
12.6068
12.7898
12.7889
10.1792
5.18047
1.18097
1.00044
1.00044
1.00044
1.00044
1.00044
1.00044
1.00044
1.00044
1.00044
1.00044
1.00044
1.00044
1.00044
1.00044
1.00044
1.99935
5.60846
10.6075
13.6086
13.61
12.6251
9.01468
4.01653
1.01615
1.01613
1.00044
1.00044
1.00044
1.00044
1.00044
1.00044
1.00044
1.00044
1.00044
1.00044
1.99935
2.99974
4.00026
5.00145
6.99997
10.6087
14.6076
16.6078
16.6082
15.6259
12.0156
8.01697
5.01834
4.01794
3.00174
2.00056
1.00044
1.00044
1.00044
1.00044
1.00044
1.00044
1.00044
1.00044
2.99775
4.99693
6.99617
8.99717
11.9958
14.9946
17.9939
18.9948
18.9939
18.0113
15.0126
12.013
9.01491
7.01574
5.0008
2.9998
1.00044
1.00044
1.00044
1.00044
1.00044
1.00044
1.00044
1.00044
2.99807
4.99667
6.9945
8.99436
11.9932
13.9937
15.9925
15.9922
15.9909
15.0084
13.0097
11.0099
9.01229
7.0137
5.0002
3.00034
1.00044
1.00044
1.00044
1.00044
1.00044
1.00044
1.00044
1.00044
2.99857
4.99876
6.9969
8.9957
11.9954
12.9953
13.9952
13.9951
13.996
13.0118
12.0118
11.011
9.01289
7.01271
4.99887
3.00007
1.00044
1.00044
1.00044
1.00044
1.00044
1.00044
1.00044
1.00044
2.99946
4.99971
6.99864
8.99739
10.9971
10.9971
10.9971
10.9971
10.9971
10.9971
10.9971
10.9971
8.99812
6.99787
4.99894
3.00019
1.00044
1.00044
1.00044
1.00044
1.00044
1.00044
1.00044
1.00044
2.00056
3.00042
4.00033
5.00033
6.00109
6.00109
6.00109
6.00109
6.00109
6.00109
6.00109
6.00109
5.00098
4.00111
3.00121
2.0012
1.00044
1.00044
1.00044
1.00044
1.00044
1.00044
1.00044
1.00044
1.00044
1.00044
1.00044
1.00044
1.00044
1.00044
1.00044
1.00044
1.00044
1.00044
1.00044
1.00044
1.00044
1.00044
1.00044
1.00044
1.00044
1.00044
1.00044
1.00044
1.00044
1.00044
1.00044
1.00044
1.00044
1.00044
1.00044
1.00044
1.00044
1.00044
1.00044
1.00044
1.00044
1.00044
1.00044
1.00044
1.00044
1.00044
1.00044
1.00044
1.00044
1.00044
1.00044
1.00044
1.00044
1.00044
1.00044
1.00044
1.00044
1.00044
1.00044
1.00044
1.00044
1.00044
1.00044
1.00044
1.00044
1.00044
1.00044
1.00044
1.00044
1.00044
1.00044
1.00044
1.00044
1.00044
1.00044
1.00044
1.00044
1.00044
1.00044
1.00044
1.00044
1.00044
1.00044
1.00044
1.00044
1.00044
1.00044
1.00044
1.00044
1.00044
1.00044
1.00044
1.00044
1.00044
1.00044
1.00044
1.00044
1.00044
1.00044
1.00044
1.00044
1.00044
1.00044
1.00019
1.00019
1.00019
1.00019
1.00019
1.00019
1.00019
1.00019
1.00019
2.00099
4.00261
5.00293
4.99994
4.99876
3.99832
1.99942
1.00019
1.00019
1.00019
1.00019
1.00019
1.00019
1.00019
1.00019
1.00019
1.00019
1.00019
1.00019
1.00019
1.00019
1.00019
1.00019
2.00099
4.00261
7.00253
9.00185
9.00092
7.99833
5.99865
2.99889
1.00019
1.00019
1.00019
1.00019
1.00019
1.00019
1.00019
1.00019
1.00019
1.00019
1.00019
1.00019
1.00019
1.00019
1.18465
2.18547
4.1869
7.18674
11.1851
13.1445
12.1447
10.1452
7.14437
3.14494
1.00019
1.00019
1.00019
1.00019
1.00019
1.00019
1.00019
1.00019
1.00019
1.00019
1.00019
1.00019
1.00019
2.00099
3.18633
5.18702
8.1862
12.1845
16.1847
17.1438
15.144
12.1466
8.14544
3.1451
1.00019
1.00019
1.00019
1.00019
1.00019
1.00019
1.00019
1.00019
1.00019
1.00019
1.00019
1.00019
1.114
3.11555
5.3016
8.11937
11.5925
16.478
19.4789
19.4402
16.6198
13.1462
8.14623
3.14514
1.00019
1.00019
1.00019
1.00019
1.00019
1.00019
1.00019
1.00019
1.00019
1.00019
1.00019
1.00019
1.114
3.71413
5.98899
8.80812
13.283
18.1697
20.2375
19.1078
16.2871
11.8128
6.8124
2.14545
1.00019
1.00019
1.00019
1.00019
1.00019
1.00019
1.00019
1.00019
1.00019
1.00019
1.00019
1.00019
1.11378
3.71334
5.98714
8.8068
13.2844
18.172
19.2376
17.107
14.2873
9.81335
4.81189
1.14532
1.00019
1.00019
1.00019
1.00019
1.00019
1.00019
1.00019
1.00019
1.00019
1.00019
1.00019
1.00019
1.11394
3.71353
5.80304
8.31817
12.7952
17.6819
17.7465
15.6547
13.1428
8.66809
3.66686
1.00019
1.00019
1.00019
1.00019
1.00019
1.00019
1.00019
1.00019
1.00019
1.00019
1.00019
1.00019
1.00019
1.11393
2.71413
3.80355
6.31882
10.7959
14.8604
14.9264
13.8353
11.3229
6.84847
2.6668
1.00019
1.00019
1.00019
1.00019
1.00019
1.00019
1.00019
1.00019
1.00019
1.00019
1.00019
1.00019
1.00019
1.00019
1.60027
1.69014
4.38508
9.3875
12.5647
12.63
12.5425
9.84851
4.84811
1.667
1.00019
1.00019
1.00019
1.00019
1.00019
1.00019
1.00019
1.00019
1.00019
1.00019
1.00019
1.00019
1.00019
1.00019
1.00019
1.61244
5.30717
10.3077
12.4868
12.4855
11.8756
8.18154
3.18044
1.00019
1.00019
1.00019
1.00019
1.00019
1.00019
1.00019
1.00019
1.00019
1.00019
1.00019
1.00019
1.00019
1.00019
1.00019
1.00019
2.61321
7.30838
12.307
13.4865
13.4865
11.8753
7.1808
2.18073
1.00019
1.00019
1.00019
1.00019
1.00019
1.00019
1.00019
1.00019
1.00019
1.00019
1.00019
1.00019
1.00019
1.00019
1.00019
1.00019
3.6128
8.61427
12.6121
12.7916
12.7933
10.182
5.18038
1.18062
1.00019
1.00019
1.00019
1.00019
1.00019
1.00019
1.00019
1.00019
1.00019
1.00019
1.00019
1.00019
1.00019
1.00019
1.00019
2.00099
5.61337
10.6136
13.6111
13.61
12.629
9.01731
4.01598
1.01586
1.01586
1.00019
1.00019
1.00019
1.00019
1.00019
1.00019
1.00019
1.00019
1.00019
1.00019
2.00099
3.00188
4.00176
5.00119
7.00116
10.6133
14.6114
16.6122
16.613
15.63
12.0178
8.01591
5.01531
4.01442
2.99886
1.99942
1.00019
1.00019
1.00019
1.00019
1.00019
1.00019
1.00019
1.00019
3.00173
5.00378
7.00321
9.00267
12.0002
14.9998
17.9995
19.0009
19.0044
18.0195
15.0184
12.0173
9.01552
7.01346
4.99834
2.99889
1.00019
1.00019
1.00019
1.00019
1.00019
1.00019
1.00019
1.00019
2.99979
5.00016
7.00027
9.00085
12.0008
14.0005
16.0003
16.0005
16.0022
15.0182
13.0161
11.0163
9.01671
7.01632
5.00054
2.99996
1.00019
1.00019
1.00019
1.00019
1.00019
1.00019
1.00019
1.00019
2.99927
4.99804
6.9988
9.00014
12.0002
12.9997
13.9995
14.0006
14.0013
13.0172
12.0159
11.0157
9.01666
7.01787
5.00141
3.00008
1.00019
1.00019
1.00019
1.00019
1.00019
1.00019
1.00019
1.00019
3.00053
4.99968
6.99965
9.0017
11.0015
11.0015
11.0015
11.0015
11.0015
11.0015
11.0015
11.0015
9.00116
7.00202
5.00204
2.99999
1.00019
1.00019
1.00019
1.00019
1.00019
1.00019
1.00019
1.00019
2.00032
2.99989
3.99966
5.00093
6.00115
6.00115
6.00115
6.00115
6.00115
6.00115
6.00115
6.00115
5.00102
4.00145
3.00168
2.00041
1.00019
1.00019
1.00019
1.00019
1.00019
1.00019
1.00019
1.00019
1.00019
1.00019
1.00019
1.00019
1.00019
1.00019
1.00019
1.00019
1.00019
1.00019
1.00019
1.00019
1.00019
1.00019
1.00019
1.00019
1.00019
1.00019
1.00019
1.00019
1.00019
1.00019
1.00019
1.00019
1.00019
1.00019
1.00019
1.00019
1.00019
1.00019
1.00019
1.00019
1.00019
1.00019
1.00019
1.00019
1.00019
1.00019
1.00019
1.00019
1.00019
1.00019
1.00019
1.00019
1.00019
1.00019
1.00019
1.00019
1.00019
1.00019
1.00019
1.00019
1.00019
1.00019
1.00019
1.00019
1.00019
1.00019
1.00019
1.00019
1.00019
1.00019
1.00019
1.00019
1.00019
1.00019
1.00019
1.00019
1.00019
1.00019
1.00019
1.00019
1.00019
1.00019
1.00019
1.00019
1.00019
1.00019
1.00019
1.00019
1.00019
1.00019
1.00019
1.00019
1.00019
1.00019
1.00019
1.00019
1.00019
1.00019
1.00019
1.00019
1.00019
1.00019
1.00019
1.00028
1.00028
1.00028
1.00028
1.00028
1.00028
1.00028
1.00028
1.00028
2.00129
4.00209
5.00443
5.00145
5.00141
4.00054
2.00088
1.00028
1.00028
1.00028
1.00028
1.00028
1.00028
1.00028
1.00028
1.00028
1.00028
1.00028
1.00028
1.00028
1.00028
1.00028
1.00028
2.00129
4.00209
7.00284
9.00116
9.00097
8.00079
6.00041
3.00091
1.00028
1.00028
1.00028
1.00028
1.00028
1.00028
1.00028
1.00028
1.00028
1.00028
1.00028
1.00028
1.00028
1.00028
1.18478
2.18584
4.18664
7.18708
11.1844
13.1434
12.1436
10.1431
7.14614
3.14575
1.00028
1.00028
1.00028
1.00028
1.00028
1.00028
1.00028
1.00028
1.00028
1.00028
1.00028
1.00028
1.00028
2.00129
3.18681
5.18779
8.18659
12.1848
16.184
17.1438
15.1436
12.1435
8.1466
3.14555
1.00028
1.00028
1.00028
1.00028
1.00028
1.00028
1.00028
1.00028
1.00028
1.00028
1.00028
1.00028
1.11412
3.11466
5.30062
8.11896
11.5908
16.4773
19.4777
19.4401
16.6193
13.1466
8.14661
3.14614
1.00028
1.00028
1.00028
1.00028
1.00028
1.00028
1.00028
1.00028
1.00028
1.00028
1.00028
1.00028
1.11395
3.71308
5.98686
8.80428
13.2796
18.1673
20.2357
19.1063
16.2867
11.8139
6.81365
2.14618
1.00028
1.00028
1.00028
1.00028
1.00028
1.00028
1.00028
1.00028
1.00028
1.00028
1.00028
1.00028
1.11388
3.71233
5.98636
8.80429
13.2802
18.1697
19.2359
17.1051
14.2859
9.81351
4.81309
1.1455
1.00028
1.00028
1.00028
1.00028
1.00028
1.00028
1.00028
1.00028
1.00028
1.00028
1.00028
1.00028
1.11399
3.71381
5.80404
8.31904
12.7938
17.6813
17.7459
15.6549
13.142
8.66839
3.66784
1.00028
1.00028
1.00028
1.00028
1.00028
1.00028
1.00028
1.00028
1.00028
1.00028
1.00028
1.00028
1.00028
1.11407
2.71452
3.80516
6.32002
10.7947
14.8613
14.9255
13.8347
11.3232
6.84827
2.6677
1.00028
1.00028
1.00028
1.00028
1.00028
1.00028
1.00028
1.00028
1.00028
1.00028
1.00028
1.00028
1.00028
1.00028
1.60062
1.69064
4.38496
9.38564
12.565
12.6303
12.5407
9.84951
4.84852
1.66749
1.00028
1.00028
1.00028
1.00028
1.00028
1.00028
1.00028
1.00028
1.00028
1.00028
1.00028
1.00028
1.00028
1.00028
1.00028
1.61266
5.30628
10.3074
12.4861
12.4857
11.8751
8.18192
3.18144
1.00028
1.00028
1.00028
1.00028
1.00028
1.00028
1.00028
1.00028
1.00028
1.00028
1.00028
1.00028
1.00028
1.00028
1.00028
1.00028
2.61275
7.30748
12.3075
13.4866
13.4861
11.8763
7.18245
2.18147
1.00028
1.00028
1.00028
1.00028
1.00028
1.00028
1.00028
1.00028
1.00028
1.00028
1.00028
1.00028
1.00028
1.00028
1.00028
1.00028
3.61188
8.61293
12.6112
12.7911
12.7907
10.182
5.18174
1.18082
1.00028
1.00028
1.00028
1.00028
1.00028
1.00028
1.00028
1.00028
1.00028
1.00028
1.00028
1.00028
1.00028
1.00028
1.00028
2.00129
5.61268
10.6138
13.6106
13.6104
12.6271
9.01757
4.01697
1.01596
1.01598
1.00028
1.00028
1.00028
1.00028
1.00028
1.00028
1.00028
1.00028
1.00028
1.00028
2.00129
3.00259
4.00388
5.00351
7.00361
10.6151
14.6132
16.6134
16.614
15.6324
12.0204
8.02051
5.01878
4.01749
3.00052
2.00088
1.00028
1.00028
1.00028
1.00028
1.00028
1.00028
1.00028
1.00028
3.00079
5.00264
7.00287
9.00211
12.0017
15.0008
17.9999
19.002
19.0025
18.0204
15.0197
12.0192
9.01793
7.01608
5.00015
3.00091
1.00028
1.00028
1.00028
1.00028
1.00028
1.00028
1.00028
1.00028
2.99868
4.9979
6.9956
8.99562
11.9958
13.9965
15.9962
15.9961
15.9959
15.0119
13.0123
11.0116
9.01317
7.01397
5.00058
3.00057
1.00028
1.00028
1.00028
1.00028
1.00028
1.00028
1.00028
1.00028
2.99906
4.99788
6.99618
8.99586
11.9966
12.9968
13.9978
13.9975
13.9981
13.0128
12.0125
11.0117
9.01294
7.01413
5.00012
3.00045
1.00028
1.00028
1.00028
1.00028
1.00028
1.00028
1.00028
1.00028
3.00072
5.00107
7.00162
9.00118
11.0019
11.0019
11.0019
11.0019
11.0019
11.0019
11.0019
11.0019
9.00146
7.00111
5.00057
3.001
1.00028
1.00028
1.00028
1.00028
1.00028
1.00028
1.00028
1.00028
2.00085
3.00104
4.00204
5.00234
6.00315
6.00315
6.00315
6.00315
6.00315
6.00315
6.00315
6.00315
5.00258
4.00238
3.00139
2.00109
1.00028
1.00028
1.00028
1.00028
1.00028
1.00028
1.00028
1.00028
1.00028
1.00028
1.00028
1.00028
1.00028
1.00028
1.00028
1.00028
1.00028
1.00028
1.00028
1.00028
1.00028
1.00028
1.00028
1.00028
1.00028
1.00028
1.00028
1.00028
1.00028
1.00028
1.00028
1.00028
1.00028
1.00028
1.00028
1.00028
1.00028
1.00028
1.00028
1.00028
1.00028
1.00028
1.00028
1.00028
1.00028
1.00028
1.00028
1.00028
1.00028
1.00028
1.00028
1.00028
1.00028
1.00028
1.00028
1.00028
1.00028
1.00028
1.00028
1.00028
1.00028
1.00028
1.00028
1.00028
1.00028
1.00028
1.00028
1.00028
1.00028
1.00028
1.00028
1.00028
1.00028
1.00028
1.00028
1.00028
1.00028
1.00028
1.00028
1.00028
1.00028
1.00028
1.00028
1.00028
1.00028
1.00028
1.00028
1.00028
1.00028
1.00028
1.00028
1.00028
1.00028
1.00028
1.00028
1.00028
1.00028
1.00028
1.00028
1.00028
1.00028
1.00028
1.00028
1.00028
1.00028
1.00028
1.00028
1.00028
1.00028
1.00028
1.00028
1.00028
2.001
4.0025
5.00356
5.00301
5.00232
4.00192
2.0006
1.00028
1.00028
1.00028
1.00028
1.00028
1.00028
1.00028
1.00028
1.00028
1.00028
1.00028
1.00028
1.00028
1.00028
1.00028
1.00028
2.001
4.0025
7.005
9.00584
9.00314
8.00215
6.00035
3.00071
1.00028
1.00028
1.00028
1.00028
1.00028
1.00028
1.00028
1.00028
1.00028
1.00028
1.00028
1.00028
1.00028
1.00028
1.18473
2.18534
4.187
7.18954
11.1895
13.1491
12.1468
10.1443
7.14263
3.14448
1.00028
1.00028
1.00028
1.00028
1.00028
1.00028
1.00028
1.00028
1.00028
1.00028
1.00028
1.00028
1.00028
2.001
3.18568
5.1881
8.1906
12.1896
16.1879
17.1468
15.1445
12.1421
8.14308
3.14322
1.00028
1.00028
1.00028
1.00028
1.00028
1.00028
1.00028
1.00028
1.00028
1.00028
1.00028
1.00028
1.11409
3.11613
5.3021
8.12292
11.5962
16.4817
19.4808
19.4387
16.6182
13.1431
8.14327
3.14422
1.00028
1.00028
1.00028
1.00028
1.00028
1.00028
1.00028
1.00028
1.00028
1.00028
1.00028
1.00028
1.11416
3.71604
5.9907
8.80907
13.2824
18.1679
20.2356
19.1051
16.2848
11.8096
6.80986
2.14533
1.00028
1.00028
1.00028
1.00028
1.00028
1.00028
1.00028
1.00028
1.00028
1.00028
1.00028
1.00028
1.11401
3.714
5.98786
8.80554
13.2814
18.1678
19.2345
17.1052
14.2842
9.80902
4.80999
1.14539
1.00028
1.00028
1.00028
1.00028
1.00028
1.00028
1.00028
1.00028
1.00028
1.00028
1.00028
1.00028
1.11391
3.71297
5.80319
8.31716
12.7934
17.6797
17.7453
15.6544
13.1392
8.66448
3.66524
1.00028
1.00028
1.00028
1.00028
1.00028
1.00028
1.00028
1.00028
1.00028
1.00028
1.00028
1.00028
1.00028
1.11398
2.71332
3.80436
6.31977
10.7948
14.8609
14.9269
13.8358
11.3187
6.84504
2.66632
1.00028
1.00028
1.00028
1.00028
1.00028
1.00028
1.00028
1.00028
1.00028
1.00028
1.00028
1.00028
1.00028
1.00028
1.60012
1.69075
4.38678
9.38646
12.5662
12.6319
12.54
9.84455
4.84499
1.66702
1.00028
1.00028
1.00028
1.00028
1.00028
1.00028
1.00028
1.00028
1.00028
1.00028
1.00028
1.00028
1.00028
1.00028
1.00028
1.61249
5.30783
10.3087
12.4878
12.4874
11.8727
8.17854
3.17948
1.00028
1.00028
1.00028
1.00028
1.00028
1.00028
1.00028
1.00028
1.00028
1.00028
1.00028
1.00028
1.00028
1.00028
1.00028
1.00028
2.61362
7.30832
12.3097
13.4886
13.4874
11.8727
7.17859
2.18059
1.00028
1.00028
1.00028
1.00028
1.00028
1.00028
1.00028
1.00028
1.00028
1.00028
1.00028
1.00028
1.00028
1.00028
1.00028
1.00028
3.61419
8.61425
12.6145
12.7941
12.7911
10.1775
5.17864
1.18069
1.00028
1.00028
1.00028
1.00028
1.00028
1.00028
1.00028
1.00028
1.00028
1.00028
1.00028
1.00028
1.00028
1.00028
1.00028
2.001
5.61382
10.615
13.6138
13.6124
12.6248
9.01328
4.01392
1.01598
1.01597
1.00028
1.00028
1.00028
1.00028
1.00028
1.00028
1.00028
1.00028
1.00028
1.00028
2.001
3.00111
4.00213
5.00334
7.00505
10.6173
14.6172
16.6142
16.6138
15.6275
12.017
8.01835
5.01861
4.01851
3.0018
2.0006
1.00028
1.00028
1.00028
1.00028
1.00028
1.00028
1.00028
1.00028
3.00239
5.00393
7.00534
9.00604
12.0065
15.0047
18.0041
19.0041
19.0036
18.019
15.0196
12.0223
9.02004
7.01849
5.00141
3.00071
1.00028
1.00028
1.00028
1.00028
1.00028
1.00028
1.00028
1.00028
3.00172
5.00244
7.00172
9.00054
11.9988
13.9985
15.9989
16
15.998
15.0139
13.0143
11.0153
9.01385
7.0131
4.99815
2.99934
1.00028
1.00028
1.00028
1.00028
1.00028
1.00028
1.00028
1.00028
2.99952
4.99881
6.99759
8.997
11.9946
12.9951
13.995
13.9948
13.9945
13.0102
12.0106
11.0105
9.01126
7.01198
4.99751
2.9981
1.00028
1.00028
1.00028
1.00028
1.00028
1.00028
1.00028
1.00028
2.99921
4.99971
6.99959
8.9992
10.9982
10.9982
10.9982
10.9982
10.9982
10.9982
10.9982
10.9982
8.99927
6.99877
4.99889
2.99928
1.00028
1.00028
1.00028
1.00028
1.00028
1.00028
1.00028
1.00028
2.00002
3.00052
4.00051
5.00004
6.00016
6.00016
6.00016
6.00016
6.00016
6.00016
6.00016
6.00016
5.00042
3.99992
2.99993
2.0004
1.00028
1.00028
1.00028
1.00028
1.00028
1.00028
1.00028
1.00028
1.00028
1.00028
1.00028
1.00028
1.00028
1.00028
1.00028
1.00028
1.00028
1.00028
1.00028
1.00028
1.00028
1.00028
1.00028
1.00028
1.00028
1.00028
1.00028
1.00028
1.00028
1.00028
1.00028
1.00028
1.00028
1.00028
1.00028
1.00028
1.00028
1.00028
1.00028
1.00028
1.00028
1.00028
1.00028
1.00028
1.00028
1.00028
1.00028
1.00028
1.00028
1.00028
1.00028
1.00028
1.00028
1.00028
1.00028
1.00028
1.00028
1.00028
1.00028
1.00028
1.00028
1.00028
1.00028
1.00028
1.00028
1.00028
1.00028
1.00028
1.00028
1.00028
1.00028
1.00028
1.00028
1.00028
1.00028
1.00028
1.00028
1.00028
1.00028
1.00028
1.00028
1.00028
1.00028
1.00028
1.00028
1.00028
1.00028
1.00028
1.00028
1.00028
1.00028
1.00028
1.00028
1.00028
1.00028
1.00028
1.00028
1.00028
1.00028
1.00028
1.00028
1.00028
1.00028
1.00107
1.00107
1.00107
1.00107
1.00107
1.00107
1.00107
1.00107
1.00107
2.00157
3.99986
4.99926
4.99748
4.99885
4.0005
2.00072
1.00107
1.00107
1.00107
1.00107
1.00107
1.00107
1.00107
1.00107
1.00107
1.00107
1.00107
1.00107
1.00107
1.00107
1.00107
1.00107
2.00157
3.99986
6.99847
8.99743
8.99721
8.00034
6.00079
3.00166
1.00107
1.00107
1.00107
1.00107
1.00107
1.00107
1.00107
1.00107
1.00107
1.00107
1.00107
1.00107
1.00107
1.00107
1.18548
2.18571
4.184
7.18257
11.1831
13.1439
12.1468
10.1467
7.14811
3.14711
1.00107
1.00107
1.00107
1.00107
1.00107
1.00107
1.00107
1.00107
1.00107
1.00107
1.00107
1.00107
1.00107
2.00157
3.18478
5.18316
8.18153
12.1829
16.1846
17.1488
15.1495
12.1493
8.148
3.14652
1.00107
1.00107
1.00107
1.00107
1.00107
1.00107
1.00107
1.00107
1.00107
1.00107
1.00107
1.00107
1.11485
3.11444
5.29738
8.11549
11.5912
16.4804
19.4822
19.4437
16.6246
13.1493
8.14788
3.14611
1.00107
1.00107
1.00107
1.00107
1.00107
1.00107
1.00107
1.00107
1.00107
1.00107
1.00107
1.00107
1.11471
3.71427
5.98839
8.80937
13.287
18.1742
20.2404
19.1098
16.2891
11.8154
6.81439
2.14597
1.00107
1.00107
1.00107
1.00107
1.00107
1.00107
1.00107
1.00107
1.00107
1.00107
1.00107
1.00107
1.11479
3.71587
5.99268
8.81316
13.2888
18.1745
19.2397
17.1094
14.2903
9.81567
4.81358
1.14614
1.00107
1.00107
1.00107
1.00107
1.00107
1.00107
1.00107
1.00107
1.00107
1.00107
1.00107
1.00107
1.11497
3.71589
5.80792
8.32285
12.7967
17.6816
17.7475
15.6588
13.1454
8.67001
3.66771
1.00107
1.00107
1.00107
1.00107
1.00107
1.00107
1.00107
1.00107
1.00107
1.00107
1.00107
1.00107
1.00107
1.11473
2.7151
3.80544
6.31925
10.7941
14.8607
14.928
13.8391
11.3264
6.84993
2.66762
1.00107
1.00107
1.00107
1.00107
1.00107
1.00107
1.00107
1.00107
1.00107
1.00107
1.00107
1.00107
1.00107
1.00107
1.60073
1.69111
4.38528
9.3856
12.5659
12.6341
12.5454
9.85101
4.84885
1.66759
1.00107
1.00107
1.00107
1.00107
1.00107
1.00107
1.00107
1.00107
1.00107
1.00107
1.00107
1.00107
1.00107
1.00107
1.00107
1.61314
5.30711
10.3074
12.4878
12.4892
11.8789
8.18321
3.18141
1.00107
1.00107
1.00107
1.00107
1.00107
1.00107
1.00107
1.00107
1.00107
1.00107
1.00107
1.00107
1.00107
1.00107
1.00107
1.00107
2.61288
7.30655
12.3071
13.4868
13.4887
11.8779
7.18291
2.18127
1.00107
1.00107
1.00107
1.00107
1.00107
1.00107
1.00107
1.00107
1.00107
1.00107
1.00107
1.00107
1.00107
1.00107
1.00107
1.00107
3.61257
8.61247
12.6124
12.7947
12.796
10.1844
5.18255
1.18142
1.00107
1.00107
1.00107
1.00107
1.00107
1.00107
1.00107
1.00107
1.00107
1.00107
1.00107
1.00107
1.00107
1.00107
1.00107
2.00157
5.61249
10.6128
13.6128
13.615
12.632
9.01937
4.01674
1.01674
1.01675
1.00107
1.00107
1.00107
1.00107
1.00107
1.00107
1.00107
1.00107
1.00107
1.00107
2.00157
3.0006
3.99966
4.9985
6.99741
10.6099
14.6113
16.6138
16.6154
15.6303
12.0157
8.01377
5.01334
4.01432
2.99956
2.00072
1.00107
1.00107
1.00107
1.00107
1.00107
1.00107
1.00107
1.00107
3.00083
4.99945
6.99799
8.99706
11.9976
14.9991
18.0009
19.0019
19.0012
18.0157
15.0142
12.0131
9.01359
7.01495
5.00072
3.00166
1.00107
1.00107
1.00107
1.00107
1.00107
1.00107
1.00107
1.00107
3.00028
5.00047
7.00021
9.00151
12.004
14.0051
16.006
16.0056
16.005
15.0191
13.0182
11.0182
9.01899
7.0188
5.00337
3.00207
1.00107
1.00107
1.00107
1.00107
1.00107
1.00107
1.00107
1.00107
3.00252
5.00483
7.00614
9.00735
12.007
13.0068
14.0071
14.0085
14.0085
13.0239
12.023
11.0233
9.02182
7.0195
5.0025
3.00129
1.00107
1.00107
1.00107
1.00107
1.00107
1.00107
1.00107
1.00107
3.00199
5.00353
7.0049
9.00587
11.0058
11.0058
11.0058
11.0058
11.0058
11.0058
11.0058
11.0058
9.00488
7.00335
5.00198
3.00101
1.00107
1.00107
1.00107
1.00107
1.00107
1.00107
1.00107
1.00107
2.0005
3.00032
4.00064
5.00147
6.00125
6.00125
6.00125
6.00125
6.00125
6.00125
6.00125
6.00125
5.00182
4.002
3.00168
2.00085
1.00107
1.00107
1.00107
1.00107
1.00107
1.00107
1.00107
1.00107
1.00107
1.00107
1.00107
1.00107
1.00107
1.00107
1.00107
1.00107
1.00107
1.00107
1.00107
1.00107
1.00107
1.00107
1.00107
1.00107
1.00107
1.00107
1.00107
1.00107
1.00107
1.00107
1.00107
1.00107
1.00107
1.00107
1.00107
1.00107
1.00107
1.00107
1.00107
1.00107
1.00107
1.00107
1.00107
1.00107
1.00107
1.00107
1.00107
1.00107
1.00107
1.00107
1.00107
1.00107
1.00107
1.00107
1.00107
1.00107
1.00107
1.00107
1.00107
1.00107
1.00107
1.00107
1.00107
1.00107
1.00107
1.00107
1.00107
1.00107
1.00107
1.00107
1.00107
1.00107
1.00107
1.00107
1.00107
1.00107
1.00107
1.00107
1.00107
1.00107
1.00107
1.00107
1.00107
1.00107
1.00107
1.00107
1.00107
1.00107
1.00107
1.00107
1.00107
1.00107
1.00107
1.00107
1.00107
1.00107
1.00107
1.00107
1.00107
1.00107
1.00107
1.00107
1.00107
1.00091
1.00091
1.00091
1.00091
1.00091
1.00091
1.00091
1.00091
1.00091
2.0005
3.99958
4.99637
4.99402
4.99354
3.99511
1.99908
1.00091
1.00091
1.00091
1.00091
1.00091
1.00091
1.00091
1.00091
1.00091
1.00091
1.00091
1.00091
1.00091
1.00091
1.00091
1.00091
2.0005
3.99958
6.99728
8.99386
8.98969
7.99103
5.99314
2.99736
1.00091
1.00091
1.00091
1.00091
1.00091
1.00091
1.00091
1.00091
1.00091
1.00091
1.00091
1.00091
1.00091
1.00091
1.18515
2.18454
4.18361
7.18117
11.1786
13.1362
12.1374
10.1398
7.14289
3.14386
1.00091
1.00091
1.00091
1.00091
1.00091
1.00091
1.00091
1.00091
1.00091
1.00091
1.00091
1.00091
1.00091
2.0005
3.18344
5.18218
8.17903
12.1768
16.1759
17.1366
15.1406
12.1456
8.14732
3.14743
1.00091
1.00091
1.00091
1.00091
1.00091
1.00091
1.00091
1.00091
1.00091
1.00091
1.00091
1.00091
1.11459
3.11461
5.29635
8.11323
11.5854
16.4698
19.4718
19.4348
16.6183
13.1463
8.1479
3.14832
1.00091
1.00091
1.00091
1.00091
1.00091
1.00091
1.00091
1.00091
1.00091
1.00091
1.00091
1.00091
1.1147
3.71516
5.98872
8.80719
13.2807
18.1663
20.2354
19.106
16.2859
11.8125
6.81328
2.14678
1.00091
1.00091
1.00091
1.00091
1.00091
1.00091
1.00091
1.00091
1.00091
1.00091
1.00091
1.00091
1.11468
3.71584
5.99007
8.81147
13.2885
18.1742
19.24
17.1072
14.2868
9.81417
4.81386
1.14608
1.00091
1.00091
1.00091
1.00091
1.00091
1.00091
1.00091
1.00091
1.00091
1.00091
1.00091
1.00091
1.11469
3.71593
5.80628
8.32115
12.7986
17.6847
17.747
15.6546
13.1416
8.66993
3.66981
1.00091
1.00091
1.00091
1.00091
1.00091
1.00091
1.00091
1.00091
1.00091
1.00091
1.00091
1.00091
1.00091
1.11472
2.71556
3.80534
6.32018
10.7948
14.8601
14.9232
13.8329
11.3239
6.85054
2.66931
1.00091
1.00091
1.00091
1.00091
1.00091
1.00091
1.00091
1.00091
1.00091
1.00091
1.00091
1.00091
1.00091
1.00091
1.60132
1.6911
4.3858
9.38546
12.5626
12.6286
12.5401
9.85052
4.85055
1.66792
1.00091
1.00091
1.00091
1.00091
1.00091
1.00091
1.00091
1.00091
1.00091
1.00091
1.00091
1.00091
1.00091
1.00091
1.00091
1.61242
5.30667
10.3055
12.483
12.483
11.8747
8.18322
3.18361
1.00091
1.00091
1.00091
1.00091
1.00091
1.00091
1.00091
1.00091
1.00091
1.00091
1.00091
1.00091
1.00091
1.00091
1.00091
1.00091
2.6126
7.306
12.3038
13.4813
13.4827
11.8744
7.18137
2.18214
1.00091
1.00091
1.00091
1.00091
1.00091
1.00091
1.00091
1.00091
1.00091
1.00091
1.00091
1.00091
1.00091
1.00091
1.00091
1.00091
3.61303
8.61216
12.6097
12.7879
12.7898
10.1822
5.18195
1.1814
1.00091
1.00091
1.00091
1.00091
1.00091
1.00091
1.00091
1.00091
1.00091
1.00091
1.00091
1.00091
1.00091
1.00091
1.00091
2.0005
5.61195
10.6109
13.6078
13.6084
12.6278
9.01922
4.01875
1.01656
1.01657
1.00091
1.00091
1.00091
1.00091
1.00091
1.00091
1.00091
1.00091
1.00091
1.00091
2.0005
2.99902
3.99753
4.99528
6.994
10.6058
14.6049
16.6041
16.6053
15.625
12.0127
8.01144
5.00952
4.01099
2.99683
1.99908
1.00091
1.00091
1.00091
1.00091
1.00091
1.00091
1.00091
1.00091
3.00105
4.99842
6.99526
8.9912
11.988
14.99
17.9901
18.9918
18.9935
18.0099
15.0066
12.0038
9.00321
7.00583
4.99331
2.99736
1.00091
1.00091
1.00091
1.00091
1.00091
1.00091
1.00091
1.00091
3.00182
5.00152
7.0003
8.99938
11.9979
13.9984
15.9995
16.0008
16.0041
15.0187
13.0155
11.0132
9.01232
7.01261
4.99812
2.99903
1.00091
1.00091
1.00091
1.00091
1.00091
1.00091
1.00091
1.00091
3.00168
5.0023
7.00404
9.00699
12.0093
13.0092
14.0096
14.01
14.0106
13.0259
12.0248
11.0244
9.02359
7.02297
5.00554
3.00258
1.00091
1.00091
1.00091
1.00091
1.00091
1.00091
1.00091
1.00091
3.00202
5.00166
7.00329
9.00643
11.0088
11.0088
11.0088
11.0088
11.0088
11.0088
11.0088
11.0088
9.00766
7.00801
5.00639
3.00325
1.00091
1.00091
1.00091
1.00091
1.00091
1.00091
1.00091
1.00091
2.0016
3.00148
4.00182
5.00289
6.0034
6.0034
6.0034
6.0034
6.0034
6.0034
6.0034
6.0034
5.00271
4.00283
3.00249
2.00142
1.00091
1.00091
1.00091
1.00091
1.00091
1.00091
1.00091
1.00091
1.00091
1.00091
1.00091
1.00091
1.00091
1.00091
1.00091
1.00091
1.00091
1.00091
1.00091
1.00091
1.00091
1.00091
1.00091
1.00091
1.00091
1.00091
1.00091
1.00091
1.00091
1.00091
1.00091
1.00091
1.00091
1.00091
1.00091
1.00091
1.00091
1.00091
1.00091
1.00091
1.00091
1.00091
1.00091
1.00091
1.00091
1.00091
1.00091
1.00091
1.00091
1.00091
1.00091
1.00091
1.00091
1.00091
1.00091
1.00091
1.00091
1.00091
1.00091
1.00091
1.00091
1.00091
1.00091
1.00091
1.00091
1.00091
1.00091
1.00091
1.00091
1.00091
1.00091
1.00091
1.00091
1.00091
1.00091
1.00091
1.00091
1.00091
1.00091
1.00091
1.00091
1.00091
1.00091
1.00091
1.00091
1.00091
1.00091
1.00091
1.00091
1.00091
1.00091
1.00091
1.00091
1.00091
1.00091
1.00091
1.00091
1.00091
1.00091
1.00091
1.00091
1.00091
1.00091
