0.006566 0.000344 0.000304 0.006627 
0.008941 0.000419 0.000344 0.005465 
0.007749 0.00037 0.000341 0.005345 
0.00769 0.000415 0.000356 0.005241 
0.00793 0.000367 0.000339 0.004819 
0.007354 0.000369 0.000343 0.004998 
0.007811 0.000574 0.000517 0.005871 
0.008245 0.000381 0.000341 0.005396 
0.009785 0.000397 0.000348 0.005011 
0.006869 0.00051 0.000346 0.005099 
0.007019 0.000366 0.000378 0.005912 
0.008008 0.000378 0.000343 0.005276 
0.006993 0.000365 0.000469 0.007268 
0.00709 0.000375 0.000344 0.004857 
0.007309 0.000369 0.000342 0.004788 
0.008227 0.000414 0.000344 0.00533 
0.007214 0.00048 0.000437 0.004971 
0.006483 0.000288 0.000195 0.002429 
0.003656 0.000174 0.000158 0.002212 
0.003925 0.000195 0.000179 0.002693 
0.003496 0.000204 0.000193 0.002239 
0.003684 0.000226 0.00016 0.002287 
0.003234 0.000193 0.000158 0.002515 
0.003816 0.000176 0.000159 0.002264 
0.004 0.000262 0.000261 0.003065 
0.003414 0.000174 0.000158 0.002226 
0.003666 0.000253 0.000161 0.002239 
0.00326 0.000168 0.000157 0.002465 
0.005047 0.00028 0.000248 0.002974 
0.003915 0.000224 0.000179 0.002259 
0.003484 0.000173 0.000159 0.002238 
0.003813 0.000175 0.000158 0.002301 
0.003284 0.000169 0.000157 0.002368 
0.003589 0.0002 0.000158 0.002389 
0.003795 0.000239 0.000209 0.002254 
0.003567 0.000173 0.000158 0.002209 
0.003804 0.000173 0.000159 0.002259 
0.003449 0.000187 0.00017 0.003795 
0.004061 0.000181 0.00016 0.002252 
0.003882 0.000208 0.000173 0.002377 
0.003264 0.000171 0.000158 0.002498 
0.00334 0.00017 0.000158 0.002242 
0.004063 0.000197 0.000175 0.002278 
0.003653 0.00019 0.000167 0.002251 
0.003768 0.000175 0.000158 0.002223 
0.003412 0.000172 0.000158 0.002191 
0.00342 0.000173 0.000158 0.002636 
0.003386 0.000172 0.00028 0.002286 
0.003232 0.000183 0.000237 0.002249 
0.004543 0.000334 0.000265 0.003713 
0.005318 0.00019 0.000172 0.002788 
0.003802 0.000176 0.00016 0.002348 
0.00393 0.000179 0.000159 0.002339 
0.003312 0.000169 0.000158 0.002228 
0.003358 0.000203 0.000192 0.002207 
0.003786 0.000218 0.00021 0.002484 
0.003699 0.000172 0.000158 0.002226 
0.003377 0.000173 0.000158 0.002242 
0.003663 0.000172 0.000158 0.002251 
0.003253 0.000166 0.00018 0.00265 
0.003636 0.000175 0.000159 0.002296 
0.003676 0.000192 0.000163 0.00224 
0.003597 0.000171 0.000158 0.00221 
0.004224 0.000174 0.000159 0.002296 
0.00359 0.00026 0.000272 0.002839 
0.003695 0.000196 0.000158 0.002209 
0.003701 0.000226 0.000172 0.00222 
0.003336 0.000171 0.000242 0.002894 
0.003349 0.000183 0.000176 0.002209 
0.003611 0.000196 0.000191 0.002192 
0.00339 0.000188 0.000192 0.002261 
0.003477 0.000234 0.000179 0.002212 
0.003498 0.000186 0.000158 0.002258 
0.003446 0.000172 0.000158 0.002497 
0.003392 0.000171 0.000202 0.002584 
0.003264 0.000169 0.000158 0.002392 
0.003454 0.000183 0.000193 0.002422 
0.003567 0.000187 0.000171 0.002286 
0.003735 0.00021 0.000169 0.002715 
0.003372 0.000172 0.000158 0.002377 
0.003367 0.000168 0.000158 0.00246 
0.003269 0.000168 0.000158 0.002242 
0.003736 0.000174 0.000159 0.002233 
0.004317 0.000175 0.000159 0.002499 
0.003347 0.00017 0.000157 0.002402 
0.003262 0.000169 0.000158 0.002495 
0.003259 0.000168 0.000157 0.002216 
0.003438 0.000173 0.000159 0.002544 
0.003513 0.000216 0.000161 0.002237 
0.00393 0.000174 0.000159 0.002487 
0.003493 0.000185 0.000171 0.002585 
0.003222 0.000169 0.000196 0.002213 
0.003599 0.000212 0.000178 0.002562 
0.003424 0.000171 0.000159 0.002196 
0.003713 0.000174 0.000159 0.002336 
0.00372 0.000175 0.000159 0.002383 
0.003593 0.00017 0.000158 0.0022 
0.004005 0.000207 0.000192 0.00225 
0.00417 0.00026 0.000248 0.002322 
0.003818 0.000173 0.000158 0.002405 
0.003533 0.00017 0.000158 0.002543 
0.003814 0.000195 0.000175 0.002665 
0.003376 0.000172 0.000159 0.002277 
0.003447 0.00017 0.000158 0.002334 
0.003632 0.000173 0.000159 0.002542 
0.003259 0.000168 0.000157 0.002403 
0.003453 0.000266 0.000166 0.002388 
0.003651 0.000172 0.000159 0.002249 
0.003452 0.000172 0.000158 0.002204 
0.003619 0.000174 0.00016 0.002357 
0.003285 0.000168 0.000158 0.00244 
0.003643 0.000229 0.000185 0.002707 
0.003782 0.000174 0.000195 0.002301 
0.003708 0.000172 0.000201 0.002878 
0.003271 0.00017 0.00016 0.002333 
0.003365 0.000258 0.000177 0.002778 
0.003258 0.000191 0.000176 0.002583 
0.003654 0.000187 0.000171 0.002406 
0.003425 0.000172 0.00019 0.002258 
0.003286 0.000169 0.000157 0.002229 
0.003827 0.000203 0.000159 0.002378 
0.003242 0.000181 0.000242 0.002753 
0.003799 0.000174 0.000158 0.002246 
0.003643 0.000271 0.000179 0.002211 
0.003551 0.000169 0.000158 0.002652 
0.00393 0.000173 0.000158 0.002375 
0.003729 0.00028 0.000233 0.002572 
0.003681 0.000173 0.000159 0.002237 
0.003802 0.000174 0.000158 0.002992 
0.003748 0.000199 0.000159 0.002433 
0.004287 0.000186 0.00016 0.00241 
0.004021 0.000173 0.000158 0.002243 
0.003597 0.000172 0.00016 0.002306 
0.003591 0.000171 0.000158 0.00249 
0.003856 0.000251 0.000261 0.00226 
0.003398 0.000172 0.000159 0.002272 
0.003591 0.000173 0.000159 0.002236 
0.003611 0.000173 0.000159 0.002215 
0.003972 0.000225 0.000185 0.002759 
0.003328 0.000218 0.000206 0.002251 
0.00336 0.000181 0.000157 0.002309 
0.003549 0.000185 0.000158 0.002266 
0.003425 0.000171 0.000157 0.002348 
0.003684 0.000207 0.000159 0.003321 
0.003507 0.000191 0.000193 0.002287 
0.003371 0.000171 0.000158 0.002364 
0.003399 0.000167 0.000157 0.002191 
0.003721 0.000196 0.00018 0.002577 
0.003389 0.00017 0.000158 0.002597 
0.003263 0.000169 0.000208 0.002539 
0.003288 0.000287 0.000171 0.002317 
0.003258 0.000167 0.000157 0.002214 
0.003729 0.000209 0.000206 0.002184 
0.003371 0.000169 0.000157 0.002274 
0.003559 0.000172 0.000158 0.002445 
0.003292 0.000193 0.000174 0.002374 
0.003565 0.00017 0.000158 0.002273 
0.003977 0.000178 0.000158 0.002248 
0.003396 0.000171 0.000158 0.002284 
0.004234 0.000197 0.00016 0.002557 
0.003258 0.000186 0.000177 0.002362 
0.003517 0.000224 0.000178 0.002538 
0.003503 0.000175 0.000158 0.002287 
0.003375 0.000171 0.000191 0.00221 
0.003523 0.000174 0.000157 0.002328 
0.00341 0.000172 0.000158 0.002351 
0.003612 0.000198 0.00019 0.002679 
0.003493 0.000173 0.000159 0.00226 
0.003644 0.000171 0.000227 0.002288 
0.003292 0.000168 0.000157 0.002308 
0.003538 0.000177 0.000158 0.002365 
0.003512 0.000172 0.000202 0.002703 
0.003403 0.000238 0.000272 0.002311 
0.003373 0.000184 0.000157 0.002358 
0.003235 0.000169 0.000156 0.00279 
0.003688 0.000176 0.000238 0.003063 
0.003388 0.000171 0.000207 0.002812 
0.003406 0.000174 0.000159 0.002242 
0.00341 0.000212 0.000159 0.002418 
0.00326 0.000167 0.000157 0.00219 
0.003832 0.000253 0.000181 0.002384 
0.003285 0.000167 0.000157 0.002833 
0.003669 0.00021 0.00016 0.002258 
0.003623 0.000171 0.000158 0.002348 
0.003332 0.00017 0.000159 0.002339 
0.003827 0.000175 0.00016 0.00226 
0.003346 0.000169 0.000158 0.002857 
0.00329 0.000234 0.000255 0.002354 
0.003278 0.00028 0.000173 0.002349 
0.003299 0.00017 0.000159 0.002829 
0.004067 0.000179 0.000158 0.002366 
0.003492 0.000184 0.00017 0.00287 
0.003331 0.000197 0.000162 0.002203 
0.003366 0.00017 0.000159 0.002381 
0.003674 0.000204 0.000187 0.00223 
0.003667 0.000208 0.000161 0.002256 
0.003363 0.000169 0.000157 0.002703 
0.00454 0.000178 0.000159 0.002259 
0.003653 0.000201 0.000227 0.002548 
0.003738 0.000186 0.00019 0.002504 
0.003527 0.00017 0.000158 0.002428 
0.003553 0.000171 0.000157 0.002193 
0.003774 0.000173 0.000158 0.002302 
0.003998 0.000175 0.000158 0.002249 
0.003693 0.000175 0.000158 0.002513 
0.003805 0.000186 0.000173 0.002451 
0.003401 0.000171 0.000157 0.002266 
0.003479 0.000178 0.000159 0.002569 
0.003556 0.000202 0.000169 0.002221 
0.003561 0.000174 0.000159 0.002393 
0.003425 0.000171 0.000171 0.002321 
0.003301 0.000169 0.000158 0.002233 
0.003413 0.000266 0.000266 0.002568 
0.003352 0.000173 0.000158 0.002239 
0.003432 0.000189 0.000184 0.002276 
0.003383 0.000173 0.000158 0.002367 
0.003395 0.000172 0.000159 0.002242 
0.003566 0.000194 0.000168 0.002647 
0.003304 0.000171 0.000158 0.002355 
0.003415 0.000179 0.000166 0.002485 
0.003457 0.000173 0.000158 0.002661 
0.003434 0.000176 0.000171 0.002378 
0.003556 0.000174 0.000159 0.002422 
0.003375 0.000173 0.000158 0.002331 
0.003407 0.000214 0.000193 0.002737 
0.003856 0.000176 0.000159 0.002317 
0.003411 0.000172 0.000158 0.002832 
0.003558 0.000174 0.000159 0.002404 
0.003313 0.000171 0.000158 0.00249 
0.003252 0.000167 0.000159 0.002197 
0.003355 0.000172 0.000158 0.002236 
0.003666 0.00019 0.000167 0.002396 
0.003673 0.000176 0.000158 0.002338 
0.003287 0.00017 0.000157 0.002378 
0.003381 0.00017 0.000157 0.00221 
0.003226 0.000166 0.000212 0.0023 
0.00413 0.000268 0.000158 0.002228 
0.003826 0.000217 0.000163 0.002211 
0.003582 0.000173 0.00017 0.002279 
0.003449 0.000185 0.000159 0.002337 
0.003848 0.000253 0.000182 0.002831 
0.00351 0.000173 0.000205 0.002216 
0.003695 0.000174 0.000158 0.002284 
0.003387 0.000171 0.000158 0.002306 
0.003401 0.000172 0.000159 0.002261 
0.003517 0.000218 0.000182 0.002824 
0.003386 0.000228 0.000215 0.002233 
0.003655 0.000227 0.00019 0.002348 
0.003592 0.000174 0.000183 0.002315 
0.00367 0.000171 0.000158 0.002249 
0.00353 0.000175 0.000159 0.002426 
0.004292 0.000218 0.000208 0.002336 
0.003911 0.000191 0.000159 0.002277 
0.003581 0.000173 0.000161 0.002275 
0.003723 0.000256 0.000205 0.002481 
0.003298 0.000223 0.000176 0.00239 
0.003355 0.000184 0.000158 0.00226 
0.003483 0.000199 0.000177 0.002242 
0.003359 0.000172 0.00021 0.002261 
0.003656 0.000191 0.000167 0.002659 
0.003417 0.00017 0.00016 0.002381 
0.003261 0.00017 0.000158 0.002447 
0.003258 0.00017 0.000158 0.002214 
0.003381 0.000211 0.000158 0.002278 
0.003811 0.000241 0.000162 0.002368 
0.003529 0.000174 0.000158 0.002501 
0.003259 0.000171 0.000191 0.002427 
0.003929 0.000175 0.00016 0.002278 
0.003627 0.000174 0.000159 0.002643 
0.003815 0.000173 0.000158 0.002336 
0.003778 0.000172 0.00016 0.002453 
0.003792 0.000173 0.000158 0.002387 
0.003282 0.000169 0.000157 0.002218 
0.003644 0.000197 0.000169 0.002383 
0.003368 0.000168 0.000159 0.0022 
0.00365 0.000173 0.000199 0.002412 
0.00369 0.000176 0.000159 0.002296 
0.003434 0.00017 0.000159 0.002224 
0.003734 0.000175 0.000159 0.002302 
0.003324 0.00017 0.000174 0.002233 
0.0036 0.000172 0.000159 0.002243 
0.00359 0.000198 0.000161 0.002257 
0.003917 0.000175 0.000159 0.002874 
0.003391 0.000177 0.000159 0.002268 
0.003334 0.000171 0.000158 0.002267 
0.003476 0.000173 0.000159 0.002208 
0.003587 0.000174 0.000158 0.002294 
0.003689 0.000207 0.000172 0.002839 
0.004073 0.000176 0.000161 0.002254 
0.003637 0.000174 0.000267 0.002227 
0.0035 0.000167 0.000157 0.002288 
0.004166 0.000174 0.000159 0.002741 
0.003328 0.00026 0.000254 0.002589 
0.003379 0.000173 0.000202 0.002262 
0.003441 0.000251 0.00016 0.00226 
0.003248 0.000166 0.000157 0.00219 
0.003852 0.000192 0.000167 0.002654 
0.003492 0.000275 0.0002 0.002939 
0.003515 0.000174 0.000157 0.002262 
0.003364 0.000207 0.000199 0.002282 
0.003246 0.000168 0.000157 0.002216 
0.003816 0.000185 0.000156 0.002188 
0.003306 0.000178 0.000156 0.002558 
0.003271 0.000168 0.000162 0.002372 
0.003348 0.000171 0.000176 0.002382 
0.00326 0.000171 0.000157 0.002535 
0.00374 0.000173 0.000158 0.00241 
0.003344 0.000171 0.000159 0.002568 
0.004229 0.00022 0.000212 0.002322 
0.003619 0.000172 0.000158 0.00232 
0.003657 0.000192 0.00023 0.002409 
0.003626 0.000193 0.000162 0.002249 
0.003571 0.000169 0.000157 0.003229 
0.003671 0.000176 0.000159 0.002258 
0.003598 0.00017 0.000234 0.00252 
0.004051 0.000172 0.000159 0.00252 
0.003701 0.000172 0.000161 0.002356 
0.004107 0.000172 0.000158 0.002234 
0.003649 0.000171 0.000158 0.002267 
0.003713 0.00019 0.000167 0.002479 
0.003418 0.000172 0.000158 0.00249 
0.003275 0.000168 0.000158 0.002326 
0.003559 0.00017 0.000157 0.002209 
0.003427 0.000174 0.000158 0.002336 
0.003755 0.000174 0.000158 0.002243 
0.003552 0.000175 0.000159 0.002208 
0.003367 0.000172 0.000158 0.002257 
0.003387 0.000169 0.000158 0.002506 
0.003295 0.000171 0.000197 0.002802 
0.003951 0.000173 0.000165 0.002304 
0.003666 0.000174 0.000159 0.00226 
0.004348 0.000174 0.00016 0.002284 
0.003558 0.00017 0.000158 0.002235 
0.003925 0.000191 0.000192 0.002526 
0.003654 0.00017 0.000158 0.002199 
0.003656 0.000174 0.000159 0.002391 
0.003375 0.000171 0.000157 0.002396 
0.003367 0.000172 0.000157 0.00231 
0.003631 0.000219 0.000162 0.002259 
0.003346 0.00017 0.000157 0.002216 
0.003687 0.000176 0.000198 0.002238 
0.003367 0.000171 0.000169 0.002274 
0.003431 0.000171 0.000159 0.002997 
0.003464 0.000217 0.000207 0.002363 
0.003411 0.000192 0.000159 0.002255 
0.003714 0.000188 0.000162 0.002208 
0.003753 0.000175 0.000169 0.002237 
0.003632 0.00019 0.000165 0.002907 
0.003759 0.00021 0.000177 0.002263 
0.003609 0.000209 0.000158 0.002319 
0.003498 0.000168 0.000157 0.002214 
0.003671 0.000174 0.000161 0.002266 
0.003806 0.000175 0.000193 0.002818 
0.003646 0.000199 0.00016 0.002267 
0.003726 0.000172 0.000159 0.002345 
0.003215 0.000167 0.000197 0.002189 
0.003419 0.000192 0.000178 0.002552 
0.003564 0.000171 0.000158 0.003061 
0.004546 0.000189 0.000173 0.002282 
0.003655 0.000172 0.000197 0.002245 
0.00349 0.000167 0.000158 0.002463 
0.00363 0.000174 0.000216 0.002268 
0.003294 0.000249 0.000258 0.002602 
0.003551 0.000175 0.000158 0.002277 
0.003696 0.000239 0.00016 0.00223 
0.003289 0.000167 0.000156 0.003035 
0.003505 0.000175 0.00016 0.002488 
0.003287 0.000195 0.00025 0.002663 
0.003361 0.000174 0.000159 0.002366 
0.003348 0.000272 0.0002 0.002265 
0.003677 0.000204 0.000162 0.002353 
0.003444 0.000173 0.000161 0.002369 
0.003536 0.000169 0.000157 0.003025 
0.003987 0.000205 0.000174 0.002343 
0.003736 0.000171 0.000158 0.002852 
0.003977 0.000197 0.00017 0.002762 
0.003908 0.000188 0.000171 0.002318 
0.003473 0.000198 0.000158 0.002264 
0.003373 0.000213 0.000159 0.002243 
0.003759 0.000179 0.000187 0.002669 
0.003896 0.000206 0.000184 0.002368 
0.003668 0.000171 0.000158 0.002327 
0.003522 0.000167 0.000157 0.002261 
0.003576 0.000173 0.00016 0.002511 
0.003662 0.000172 0.000159 0.002796 
0.003322 0.000192 0.000185 0.002286 
0.003607 0.000171 0.000158 0.002364 
0.003259 0.000166 0.000192 0.002301 
0.00381 0.000288 0.000188 0.002529 
0.00327 0.000172 0.000156 0.003017 
0.004631 0.000285 0.000269 0.003897 
0.005131 0.000218 0.000268 0.002667 
0.0046 0.000286 0.000255 0.003736 
0.004298 0.000181 0.000167 0.002437 
0.003404 0.000201 0.000199 0.002209 
0.003473 0.000174 0.000158 0.002248 
0.003457 0.00024 0.000175 0.002824 
0.003259 0.00017 0.000157 0.00275 
0.003868 0.000199 0.00021 0.002451 
0.00386 0.000173 0.000158 0.002236 
0.003711 0.00017 0.000158 0.002251 
0.003828 0.000173 0.000156 0.002525 
0.003495 0.000175 0.000158 0.002391 
0.003717 0.00024 0.00021 0.00231 
0.003454 0.000196 0.00017 0.002242 
0.004116 0.000206 0.000264 0.002971 
0.003462 0.000283 0.00019 0.002244 
0.003327 0.000225 0.000159 0.002316 
0.003537 0.000167 0.000158 0.002229 
0.003713 0.000173 0.000158 0.002228 
0.00386 0.000175 0.000156 0.002598 
0.004376 0.000191 0.000161 0.002279 
0.003571 0.00017 0.000158 0.002319 
0.003289 0.000171 0.000201 0.002201 
0.00334 0.000174 0.000158 0.002633 
0.003494 0.000173 0.000158 0.002642 
0.0034 0.000228 0.000213 0.002251 
0.00354 0.000175 0.000159 0.002372 
0.003334 0.000171 0.000158 0.002203 
0.003675 0.00021 0.000179 0.002479 
0.003731 0.000186 0.000171 0.00281 
0.003845 0.000192 0.00018 0.002216 
0.003649 0.000194 0.000168 0.002348 
0.003256 0.000168 0.000157 0.002231 
0.003843 0.000174 0.000159 0.002218 
0.003505 0.000174 0.000159 0.002627 
0.003273 0.000169 0.000157 0.002478 
0.00326 0.00017 0.000177 0.002416 
0.00329 0.00017 0.000158 0.002614 
0.003504 0.000175 0.00016 0.002248 
0.003336 0.000169 0.000186 0.002599 
0.003478 0.000173 0.000159 0.002393 
0.003377 0.000191 0.000176 0.002496 
0.003598 0.000192 0.000249 0.002395 
0.00341 0.000175 0.000158 0.002416 
0.003666 0.000267 0.000229 0.003005 
0.003353 0.00017 0.000158 0.002577 
